,ZAM_Tjunction-1_86_I-1-1.log,ZAM_Tjunction-1_9_I-1-1.log,DEU_Hennigsdorf-5_3_I-1-1.log,DEU_Ibbenbueren-7_1_I-1-1.log,ESP_SantBoideLlobregat-11_2_I-1-1.log,ZAM_Tjunction-1_201_I-1-1.log,ARG_Carcarana-7_4_I-1-1.log,ZAM_Tjunction-1_39_I-1-1.log,ARG_Carcarana-1_3_I-1-1.log,ARG_Carcarana-3_3_I-1-1.log,ZAM_Tjunction-1_245_I-1-1.log,ZAM_Tjunction-1_70_I-1-1.log,ZAM_Tjunction-1_468_I-1-1.log,DEU_Flensburg-43_1_I-1-1.log,ZAM_Tjunction-1_488_I-1-1.log,DEU_Flensburg-83_1_I-1-1.log,BEL_Wervik-4_2_I-1-1.log,ZAM_Tjunction-1_481_I-1-1.log,ZAM_Tjunction-1_506_I-1-1.log,DEU_Ibbenbueren-7_4_I-1-1.log,ARG_Carcarana-1_1_I-1-1.log,DEU_Lohmar-69_1_I-1-1.log,ZAM_Tjunction-1_24_I-1-1.log,ZAM_Tjunction-1_195_I-1-1.log,ZAM_Tjunction-1_475_I-1-1.log,ZAM_Tjunction-1_392_I-1-1.log,ESP_SantBoideLlobregat-14_5_I-1-1.log,ZAM_Tjunction-1_21_I-1-1.log,ZAM_Tjunction-1_190_I-1-1.log,DEU_Stu-1_3_I-1-1.log,ARG_Carcarana-8_3_I-1-1.log,BEL_Putte-10_1_I-1-1.log,ZAM_Tjunction-1_83_I-1-1.log,HRV_Pula-30_5_I-1-1.log,ZAM_Tjunction-1_205_I-1-1.log,ZAM_Tjunction-1_116_I-1-1.log,USA_US101-13_2_I-1-1.log,ZAM_Tjunction-1_1_I-1-1.log,ZAM_Tjunction-1_291_I-1-1.log,DEU_Guetersloh-55_3_I-1-1.log,ZAM_Tjunction-1_520_I-1-1.log,ZAM_Tjunction-1_437_I-1-1.log,CHN_Cho-2_7_I-1-1.log,ZAM_Tjunction-1_145_I-1-1.log,ZAM_Tjunction-1_435_I-1-1.log,ZAM_Tjunction-1_124_I-1-1.log,DEU_Flensburg-89_1_I-1-1.log,DEU_Stu-1_1_I-1-1.log,ESP_Berga-4_1_I-1-1.log,ZAM_Tjunction-1_439_I-1-1.log,ESP_Mad-1_3_I-1-1.log,ZAM_Tjunction-1_379_I-1-1.log,ESP_SantBoideLlobregat-11_4_I-1-1.log,ZAM_Tjunction-1_50_I-1-1.log,ZAM_Tjunction-1_511_I-1-1.log,ARG_Carcarana-1_6_I-1-1.log,ZAM_Tjunction-1_444_I-1-1.log,ZAM_Tjunction-1_94_I-1-1.log,FRA_MoissyCramayel-1_1_I-1-1.log,ZAM_Tjunction-1_48_I-1-1.log,DEU_Guetersloh-20_3_I-1-1.log,ZAM_Tjunction-1_265_I-1-1.log,BEL_Nivelles-16_4_I-1-1.log,BEL_Putte-2_2_I-1-1.log,ZAM_Tjunction-1_471_I-1-1.log,ZAM_Tjunction-1_388_I-1-1.log,ZAM_Tjunction-1_142_I-1-1.log,ZAM_Tjunction-1_211_I-1-1.log,DEU_Lohmar-44_1_I-1-1.log,ZAM_Tjunction-1_515_I-1-1.log,FRA_Anglet-4_6_I-1-1.log,RUS_Bicycle-12_1_I-1-1.log,DEU_Rheinbach-4_3_I-1-1.log,HRV_Pula-12_2_I-1-1.log,ITA_Siderno-4_4_I-1-1.log,DEU_Flensburg-94_1_I-1-1.log,ZAM_Tjunction-1_502_I-1-1.log,ARG_Carcarana-1_5_I-1-1.log,ZAM_Tjunction-1_127_I-1-1.log,ZAM_Tjunction-1_501_I-1-1.log,DEU_Ibbenbueren-2_1_I-1-1.log,DEU_Muehlhausen-7_3_I-1-1.log,DEU_Lohmar-52_1_I-1-1.log,ZAM_Tjunction-1_476_I-1-1.log,ZAM_Tjunction-1_159_I-1-1.log,ZAM_Tjunction-1_525_I-1-1.log,DEU_Moabit-6_3_I-1-1.log,ZAM_Tjunction-1_490_I-1-1.log,RUS_Bicycle-10_1_I-1-1.log,DEU_Hennigsdorf-5_5_I-1-1.log,DEU_Flensburg-42_1_I-1-1.log,CHN_Cho-2_4_I-1-1.log,ZAM_Tjunction-1_366_I-1-1.log,ZAM_Tjunction-1_53_I-1-1.log,ZAM_Tjunction-1_358_I-1-1.log,ARG_Carcarana-7_1_I-1-1.log,ZAM_Tjunction-1_539_I-1-1.log,ZAM_Tjunction-1_395_I-1-1.log,DEU_Flensburg-88_1_I-1-1.log,ZAM_Tjunction-1_535_I-1-1.log,DEU_Ibbenbueren-12_1_I-1-1.log,ZAM_Tjunction-1_250_I-1-1.log,ZAM_Tjunction-1_101_I-1-1.log,ZAM_Tjunction-1_424_I-1-1.log,ZAM_Tjunction-1_64_I-1-1.log,ZAM_Tjunction-1_155_I-1-1.log,ZAM_Tjunction-1_121_I-1-1.log,ZAM_Tjunction-1_504_I-1-1.log,ITA_Siderno-8_4_I-1-1.log,ZAM_Tjunction-1_484_I-1-1.log,BEL_Putte-7_3_I-1-1.log,ZAM_Tjunction-1_19_I-1-1.log,DEU_Flensburg-85_1_I-1-1.log,ZAM_Tjunction-1_150_I-1-1.log,ZAM_Tjunction-1_408_I-1-1.log,ZAM_Tjunction-1_54_I-1-1.log,DEU_Flensburg-73_1_I-1-1.log,DEU_BadEssen-1_1_I-1-1.log,ZAM_Tjunction-1_38_I-1-1.log,HRV_Pula-30_4_I-1-1.log,ESP_SantBoideLlobregat-14_1_I-1-1.log,ZAM_Tjunction-1_377_I-1-1.log,ZAM_Tjunction-1_224_I-1-1.log,ZAM_Tjunction-1_527_I-1-1.log,ZAM_Tjunction-1_99_I-1-1.log,ITA_Adelfia-1_5_I-1-1.log,ZAM_Tjunction-1_161_I-1-1.log,ZAM_Tjunction-1_147_I-1-1.log,ZAM_Tjunction-1_483_I-1-1.log,DEU_Stu-1_6_I-1-1.log,BEL_Zaventem-2_6_I-1-1.log,DEU_Speyer-1_3_I-1-1.log,ZAM_Tjunction-1_75_I-1-1.log,DEU_Lohmar-56_1_I-1-1.log,ZAM_Tjunction-1_149_I-1-1.log,ESP_SantBoideLlobregat-11_6_I-1-1.log,ZAM_Tjunction-1_135_I-1-1.log,HRV_Pula-9_1_I-1-1.log,ZAM_Tjunction-1_82_I-1-1.log,ZAM_Tjunction-1_95_I-1-1.log,ZAM_Tjunction-1_91_I-1-1.log,DEU_Lohmar-40_1_I-1-1.log,ZAM_Tjunction-1_136_I-1-1.log,ZAM_Tjunction-1_7_I-1-1.log,ZAM_Tjunction-1_357_I-1-1.log,ZAM_Tjunction-1_71_I-1-1.log,ZAM_Tjunction-1_131_I-1-1.log,ZAM_Tjunction-1_430_I-1-1.log,DEU_Hennigsdorf-10_6_I-1-1.log,ZAM_Tjunction-1_139_I-1-1.log,ZAM_Tjunction-1_499_I-1-1.log,ZAM_Tjunction-1_362_I-1-1.log,DEU_Flensburg-95_1_I-1-1.log,DEU_Ffb-2_2_I-1-1.log,DEU_Flensburg-28_1_I-1-1.log,ZAM_Tjunction-1_466_I-1-1.log,ZAM_Tjunction-1_457_I-1-1.log,ZAM_Tjunction-1_522_I-1-1.log,DEU_Speyer-5_2_I-1-1.log,GRC_Perama-6_8_I-1-1.log,BEL_Putte-14_1_I-1-1.log,ESP_SantBoideLlobregat-24_2_I-1-1.log,ESP_Mad-2_1_I-1-1.log,ARG_Carcarana-1_7_I-1-1.log,FRA_Anglet-4_1_I-1-1.log,HRV_Pula-4_2_I-1-1.log,ZAM_Tjunction-1_22_I-1-1.log,ZAM_Tjunction-1_249_I-1-1.log,DEU_Hennigsdorf-10_3_I-1-1.log
ZAM_Tjunction-1_86_I-1-1.log,1.0,0.95532817,0.84387517,0.83012116,0.68373954,0.98161626,0.86304426,0.9560173,0.9411179,0.95327926,0.94899994,0.8499513,0.92928576,0.8342022,0.9901255,0.7517884,0.8769256,0.9824679,0.995419,0.8713404,0.9458066,0.91549444,0.86297584,0.9634002,0.82403046,0.87973946,0.8728291,0.9810608,0.97782654,0.9299976,0.812675,0.788366,0.9962158,0.9027568,0.9320561,0.9380699,0.89506656,0.8871841,0.9659121,0.76426804,0.87929314,0.9411837,0.95019716,0.9939133,0.97563344,0.86749387,0.81333965,0.90059906,0.85896456,0.9456744,0.8019402,0.85029435,0.86961585,0.9671205,0.991483,0.9724612,0.97683823,0.97820616,0.9279269,0.99041885,0.8379195,0.9924948,0.89299214,0.8690069,0.9962052,0.9741587,0.99538565,0.9715488,0.7469311,0.99569243,0.89638984,0.84061027,0.90394837,0.9081783,0.8744106,0.6961702,0.9921679,0.9360289,0.99499726,0.681764,0.875784,0.8523155,0.8547315,0.99068314,0.9762783,0.9962379,0.86381346,0.9703689,0.804146,0.8794104,0.9111634,0.9410179,0.9792152,0.9976119,0.9862735,0.954174,0.951946,0.8885933,0.8398242,0.8389074,0.8897735,0.9527501,0.99350667,0.99611837,0.97509086,0.9942688,0.99537426,0.98772454,0.8800437,0.9648063,0.87075686,0.9342289,0.85237855,0.98273945,0.9723886,0.8396708,0.8780546,0.8964802,0.99538875,0.9016087,0.80065393,0.9507886,0.98462427,0.9938371,0.99451005,0.91670936,0.9976669,0.9881793,0.9768167,0.85939765,0.8878238,0.86734796,0.93139243,0.83937836,0.9967098,0.69498825,0.8954515,0.90286124,0.96416044,0.9881346,0.9582863,0.7921517,0.9864075,0.9402834,0.9394423,0.94051313,0.93428934,0.9900023,0.8188574,0.99411905,0.93026775,0.8948798,0.7633461,0.9884837,0.75694,0.99195033,0.95006144,0.98212606,0.9207321,0.7474664,0.89031124,0.59014034,0.9228488,0.9544371,0.9050477,0.9130294,0.99411,0.94730055,0.8241754
ZAM_Tjunction-1_9_I-1-1.log,0.95532817,1.0,0.8207587,0.8085258,0.7277639,0.96609265,0.84050906,0.98967177,0.95783854,0.9290278,0.9812879,0.83789796,0.8855732,0.8782198,0.94643307,0.7286719,0.8538091,0.9427926,0.95479953,0.848078,0.92157567,0.8920053,0.8404497,0.96948594,0.8015054,0.85721457,0.8497126,0.9457896,0.93908477,0.88970536,0.7901398,0.76524955,0.9522909,0.87964034,0.96684206,0.89653146,0.8717916,0.8646666,0.94235075,0.74115163,0.856776,0.9823494,0.9057006,0.95938104,0.9435363,0.896857,0.79080445,0.8560858,0.83584815,0.9032651,0.77904606,0.8277701,0.84662724,0.94661176,0.94778055,0.9428871,0.941903,0.9450385,0.9691668,0.96099806,0.81538427,0.9488019,0.8698757,0.8458904,0.95769656,0.97903323,0.95147663,0.9612252,0.7238188,0.9555808,0.90789014,0.81749386,0.88141316,0.8850619,0.85130537,0.67363507,0.9562154,0.9121906,0.9512831,0.7264347,0.8560174,0.82926685,0.8748195,0.9527831,0.94922274,0.95485294,0.84069705,0.9421242,0.7810296,0.856294,0.88788843,0.89636374,0.9414573,0.95641536,0.9548511,0.9244759,0.99539477,0.8660679,0.817289,0.81732243,0.86724794,0.98189974,0.9523752,0.9514574,0.94588137,0.95771474,0.9557546,0.9547141,0.8569273,0.93844795,0.84764045,0.9686816,0.82984334,0.94306606,0.93909734,0.8171468,0.8549382,0.87676454,0.958734,0.87849224,0.77753747,0.9895372,0.9459291,0.95380926,0.957323,0.9127966,0.9549512,0.94591033,0.9390439,0.88238573,0.8651301,0.8442315,0.96888,0.8162619,0.9562755,0.67245305,0.87292683,0.88032603,0.9345021,0.94445413,0.91575426,0.7690352,0.9522647,0.9731274,0.9769429,0.9820559,0.92676485,0.95166415,0.79632217,0.9549627,0.8865694,0.871778,0.740316,0.95516986,0.7524338,0.94825757,0.9900106,0.94769424,0.8985616,0.72435,0.871498,0.63479364,0.8995414,0.92474586,0.88193125,0.89117175,0.9568448,0.9814066,0.8147981
DEU_Hennigsdorf-5_3_I-1-1.log,0.84387517,0.8207587,1.0,0.8894676,0.7183208,0.8303422,0.9760237,0.8142551,0.85359967,0.8896524,0.8023552,0.9332502,0.7731949,0.77318466,0.8349981,0.9034149,0.9669496,0.83474165,0.84436375,0.97198737,0.8914792,0.88991797,0.94823027,0.8077887,0.8954335,0.93461776,0.97104615,0.8453449,0.82708603,0.8126996,0.9667839,0.9280895,0.8417976,0.94111836,0.79977554,0.78360856,0.9424876,0.9427471,0.8187834,0.9167038,0.92320824,0.80913055,0.809829,0.84886044,0.8255524,0.74102813,0.9452695,0.77932423,0.9848489,0.7899776,0.9181854,0.91363806,0.9740896,0.8304107,0.8382208,0.8670792,0.83368933,0.8255657,0.8308741,0.8467673,0.9510895,0.83637,0.95088303,0.9738284,0.8447942,0.82392937,0.8419669,0.8156251,0.88392025,0.8460506,0.9128122,0.96982396,0.93933177,0.9352732,0.9694521,0.8410958,0.8451433,0.90780985,0.83895135,0.73203516,0.96474135,0.9851225,0.844639,0.8369956,0.8353957,0.8436627,0.9796037,0.8252652,0.90455973,0.9644648,0.92457163,0.7973494,0.83495575,0.84529114,0.83841544,0.84189445,0.82136935,0.954407,0.9224374,0.92986876,0.95328206,0.8046546,0.83898306,0.84195423,0.8362503,0.84583795,0.84615415,0.83629715,0.9627366,0.82329357,0.9729358,0.8080464,0.95823234,0.83280003,0.83525,0.91034126,0.952359,0.94390357,0.84648895,0.94226646,0.9493379,0.81981057,0.8310369,0.8408366,0.84841543,0.9074055,0.8455136,0.8321731,0.8294318,0.72625947,0.95510596,0.976443,0.8060353,0.9179584,0.84263873,0.84723824,0.94745785,0.9402096,0.825451,0.8339182,0.80216146,0.93494654,0.8408913,0.81106305,0.8139976,0.81020087,0.7921164,0.8377006,0.93334824,0.8439727,0.774192,0.94898075,0.9073423,0.8511471,0.84356225,0.836812,0.8143336,0.837315,0.92219716,0.8961986,0.9492608,0.6667825,0.9207927,0.8637197,0.93882364,0.92958695,0.8495617,0.8022392,0.87679803
DEU_Ibbenbueren-7_1_I-1-1.log,0.83012116,0.8085258,0.8894676,1.0,0.64145386,0.8176382,0.90973336,0.80189294,0.8342316,0.86908484,0.78986835,0.8554688,0.88233685,0.71700156,0.8212583,0.79755914,0.9171216,0.81973493,0.8296406,0.91373616,0.87059087,0.8644117,0.87251127,0.7950843,0.8419448,0.8765912,0.9072933,0.82106364,0.81466985,0.78730774,0.85966694,0.82115483,0.82709676,0.909457,0.77753484,0.8727852,0.9074207,0.8855755,0.8032242,0.8100481,0.8777688,0.7931044,0.7902508,0.83420765,0.81281275,0.70754874,0.84490085,0.75381243,0.90457505,0.8735493,0.8332032,0.8698348,0.90477186,0.8046223,0.82255596,0.84561217,0.8141707,0.81368965,0.81780356,0.8329534,0.8589567,0.8226267,0.9157977,0.9107242,0.8324718,0.81125176,0.8263366,0.8029194,0.779543,0.8304091,0.86864734,0.87674135,0.90760756,0.9076458,0.9026919,0.7426461,0.8313876,0.8860993,0.8261454,0.64469504,0.9079338,0.8907448,0.8004012,0.8241797,0.8139061,0.8299264,0.9016846,0.8076855,0.8270222,0.91992354,0.8976904,0.7807545,0.8155924,0.83151823,0.82532334,0.8163213,0.8090679,0.9072999,0.8487824,0.849724,0.9054704,0.7923385,0.82568306,0.826294,0.81251955,0.83254,0.8305395,0.8239157,0.90896565,0.80207336,0.91650325,0.77937394,0.8771267,0.8200065,0.81129795,0.85414195,0.9139626,0.9135433,0.8336464,0.910208,0.8388055,0.8052145,0.8191609,0.82804865,0.83363,0.88190496,0.82986593,0.81981486,0.81413436,0.71373665,0.91152394,0.908518,0.78066295,0.8712827,0.8302605,0.74170643,0.9099395,0.9085787,0.80197495,0.8240944,0.8531084,0.8280119,0.827827,0.7876301,0.7895738,0.7960747,0.772496,0.82394487,0.8473296,0.8297382,0.8816136,0.907985,0.80917776,0.83616763,0.7618142,0.823073,0.8019128,0.8199589,0.90596867,0.7929386,0.9064432,0.58038664,0.8952718,0.8422365,0.90875226,0.90895104,0.834816,0.7899852,0.7996907
ESP_SantBoideLlobregat-11_2_I-1-1.log,0.68373954,0.7277639,0.7183208,0.64145386,1.0,0.69858235,0.71216,0.7260603,0.7409556,0.7076919,0.719071,0.77545524,0.6186427,0.74579775,0.6795019,0.64230037,0.7092099,0.69148046,0.6846916,0.7032986,0.7096288,0.6802809,0.74081445,0.70255494,0.65964675,0.7490359,0.70210636,0.70232195,0.68562746,0.63239354,0.7075037,0.709411,0.6834489,0.69863445,0.73790264,0.63521755,0.71549463,0.7404019,0.6983961,0.69094336,0.71752226,0.7386316,0.64865565,0.6874423,0.6907464,0.7540548,0.75527763,0.5988981,0.71036667,0.63609266,0.6572044,0.68069446,0.7147994,0.7129141,0.6808707,0.7011299,0.69591033,0.68399763,0.7334166,0.68967193,0.76146203,0.6818706,0.6975055,0.70464087,0.68699336,0.7087898,0.6829039,0.69429505,0.66435474,0.68498844,0.74551547,0.689322,0.7143425,0.7001991,0.7189499,0.70258915,0.69062597,0.7107644,0.68357205,0.9367471,0.7250558,0.71501315,0.7040541,0.689849,0.7046479,0.68541104,0.70826304,0.6941934,0.645347,0.7030822,0.69957274,0.63918066,0.6943635,0.68418044,0.6950001,0.6742777,0.7298406,0.7118767,0.7309959,0.7453661,0.7159752,0.71592367,0.6847857,0.6824269,0.70396936,0.68757975,0.6852758,0.6940048,0.71394026,0.6942115,0.70607483,0.7475339,0.74252725,0.69054705,0.70371544,0.7225388,0.697261,0.71877587,0.6865985,0.6981027,0.7062419,0.7328346,0.6846155,0.6860573,0.6851692,0.7277378,0.6836857,0.67898023,0.6888906,0.62793356,0.7062892,0.706231,0.7449548,0.66935945,0.68404055,0.710966,0.71294236,0.70451605,0.6926831,0.6775943,0.6489409,0.70034707,0.6972784,0.7396345,0.7416166,0.7431133,0.740471,0.6900197,0.761443,0.6859019,0.6196393,0.7147795,0.6689701,0.6850784,0.7631531,0.68132746,0.73240376,0.6980695,0.7025394,0.66376865,0.71839464,0.8896513,0.701179,0.7006624,0.6970348,0.70932007,0.68551373,0.72109824,0.8225639
ZAM_Tjunction-1_201_I-1-1.log,0.98161626,0.96609265,0.8303422,0.8176382,0.69858235,1.0,0.8496215,0.9718967,0.9519974,0.9398253,0.96683466,0.84700614,0.91908276,0.84908736,0.97995013,0.7382554,0.8633926,0.97254354,0.9841415,0.85727143,0.9323524,0.90164536,0.84955,0.9772203,0.81061774,0.866327,0.8592961,0.96900105,0.96943796,0.92285776,0.79925215,0.774833,0.9841829,0.8892238,0.95039743,0.92823553,0.880985,0.8737298,0.97273254,0.7507351,0.86583924,0.95794463,0.93932736,0.9805752,0.97386855,0.87868786,0.79991686,0.8897259,0.8454316,0.9367825,0.78852814,0.83688235,0.85619307,0.97190034,0.98124874,0.9623307,0.97207415,0.9749811,0.94575125,0.9831902,0.8244967,0.98227423,0.8794592,0.8554739,0.98457396,0.9869848,0.98394024,0.9852803,0.73340225,0.98357016,0.9075753,0.8270773,0.89028215,0.89464533,0.8608884,0.6827475,0.9778491,0.92248917,0.98480046,0.6929177,0.86518073,0.83885026,0.86591697,0.98138887,0.9757597,0.9852169,0.8502805,0.9725056,0.79061306,0.8658774,0.89708185,0.92983186,0.97183865,0.9813877,0.98386586,0.9470444,0.96289814,0.8751495,0.8264014,0.82643485,0.8763603,0.97056764,0.9858425,0.9829859,0.97274995,0.9836957,0.98331183,0.98266304,0.8665107,0.96878064,0.85722387,0.9490723,0.83895576,0.9733984,0.96743476,0.8262588,0.8645216,0.88587695,0.9825881,0.8880757,0.78712094,0.9656632,0.97664124,0.98745304,0.98099744,0.92162114,0.9819401,0.9790819,0.9694257,0.87296164,0.8738525,0.85381496,0.94776386,0.82584536,0.9806299,0.68156546,0.8819442,0.88943845,0.96345514,0.9779223,0.949105,0.7786187,0.97741544,0.95609206,0.95431757,0.95522517,0.947091,0.98168474,0.8054346,0.98426515,0.92008674,0.8813615,0.7498994,0.9746681,0.7614971,0.98176545,0.9640586,0.97360396,0.90814507,0.73393345,0.88064784,0.6013258,0.9087673,0.94726515,0.8915147,0.90054643,0.98005545,0.9651352,0.8239105
ARG_Carcarana-7_4_I-1-1.log,0.86304426,0.84050906,0.9760237,0.90973336,0.71216,0.8496215,1.0,0.8338762,0.8759337,0.9096128,0.82185155,0.92708933,0.79237306,0.7800832,0.8541957,0.8826293,0.98499537,0.85676426,0.86353225,0.9884613,0.9135018,0.9079614,0.9484281,0.82706755,0.91571313,0.9501455,0.981936,0.8673675,0.84910864,0.8307531,0.94812906,0.9078643,0.8609741,0.95916396,0.82179815,0.80563116,0.96151537,0.9592283,0.840806,0.8979145,0.9441591,0.83115315,0.82887036,0.86809933,0.847575,0.76305073,0.93138534,0.7973682,0.98450255,0.80915546,0.9093858,0.93561697,0.98143166,0.8524333,0.8574018,0.8861258,0.85571194,0.8475883,0.85081404,0.86590385,0.9427815,0.8555498,0.96892923,0.98879355,0.86445504,0.84323496,0.86116815,0.8349026,0.86584026,0.8652406,0.9254584,0.95390105,0.9590959,0.953753,0.97824055,0.82988113,0.86716586,0.9270049,0.8581286,0.7196721,0.969904,0.9768848,0.86366135,0.8590182,0.8574183,0.8628495,0.98544574,0.84728783,0.90404737,0.98250836,0.9426215,0.81651145,0.85697836,0.86445564,0.86043805,0.85998595,0.8410511,0.97321266,0.9173443,0.9233164,0.9732202,0.82432175,0.85862046,0.86112547,0.8582729,0.8654774,0.8653567,0.85831976,0.9789594,0.8453162,0.99087846,0.830069,0.9532924,0.85482264,0.8572726,0.9280308,0.97039366,0.9637445,0.8656296,0.96031207,0.9256969,0.8418332,0.85305953,0.86003184,0.86752164,0.92704827,0.86468303,0.85179806,0.8514544,0.7458999,0.9748975,0.9870234,0.8280579,0.93554056,0.8622437,0.83148825,0.9669933,0.9600745,0.8474736,0.8531212,0.82155794,0.91618115,0.8629139,0.83308566,0.83602023,0.8322235,0.814139,0.85972315,0.9271874,0.8636298,0.79338926,0.9680213,0.8894193,0.8705967,0.83582574,0.85601044,0.8340803,0.8593376,0.94137233,0.8788485,0.96799916,0.65646344,0.93883836,0.8827645,0.9568581,0.94907504,0.86869323,0.8219684,0.87068045
ZAM_Tjunction-1_39_I-1-1.log,0.9560173,0.98967177,0.8142551,0.80189294,0.7260603,0.9718967,0.8338762,1.0,0.95369875,0.9216386,0.9851128,0.83098733,0.89125097,0.87683815,0.95211947,0.7221683,0.8473055,0.9488521,0.9583745,0.84145546,0.9141867,0.8850236,0.83353126,0.9751764,0.7946153,0.8503102,0.84320897,0.9472331,0.9451646,0.8956648,0.7835069,0.7587459,0.9570959,0.8731367,0.97389877,0.90212184,0.8649173,0.8577107,0.94846284,0.734648,0.8498198,0.98490626,0.91145635,0.95935583,0.9495947,0.900143,0.7841716,0.86216414,0.8293445,0.9089724,0.7723649,0.820863,0.84012365,0.9516978,0.9534171,0.94203514,0.9480348,0.9507297,0.97066796,0.9589596,0.8087514,0.9544421,0.8633721,0.83938676,0.95962447,0.9818574,0.95659614,0.9669048,0.71731514,0.95833933,0.9012572,0.8109902,0.8747803,0.8785583,0.8446049,0.6670022,0.95546573,0.9049372,0.9570062,0.7204764,0.84943545,0.8227632,0.86818665,0.9577791,0.95363826,0.95886594,0.83419335,0.9482395,0.7744186,0.84979033,0.8812659,0.9020003,0.947573,0.9560237,0.9609107,0.9255081,0.98739964,0.85913074,0.8106561,0.810416,0.8603479,0.9875369,0.95816183,0.9561037,0.9507211,0.9607756,0.9586253,0.96072465,0.8501886,0.9445071,0.8411368,0.9729,0.8232105,0.9491245,0.94515693,0.81025016,0.84843457,0.8701317,0.95698863,0.8719886,0.7710338,0.98938715,0.9514434,0.9594309,0.9554261,0.90614694,0.9564264,0.95160747,0.94516075,0.88836884,0.85837835,0.83772784,0.9752014,0.80975825,0.955438,0.6658202,0.8662934,0.87369317,0.9405617,0.95009077,0.9213901,0.76253164,0.9555573,0.98263127,0.98179543,0.982924,0.93254536,0.9571812,0.7896893,0.95945925,0.8922627,0.865007,0.73381233,0.95314854,0.7454783,0.9539341,0.9910916,0.95158744,0.89205796,0.7178463,0.86490256,0.629158,0.89248574,0.9254557,0.8754276,0.8846681,0.9544761,0.9870299,0.8081652
ARG_Carcarana-1_3_I-1-1.log,0.9411179,0.95783854,0.85359967,0.8342316,0.7409556,0.9519974,0.8759337,0.95369875,1.0,0.9498607,0.9417951,0.8698979,0.8733523,0.87665546,0.9342208,0.7626026,0.8865781,0.93805116,0.9421184,0.88086146,0.9458912,0.913352,0.87258244,0.94224006,0.83366567,0.8890948,0.8767329,0.9469486,0.93351585,0.88363695,0.8296872,0.79917836,0.94005924,0.9053694,0.939852,0.8899687,0.9041272,0.8966725,0.9388615,0.77508044,0.88887006,0.9527313,0.8992065,0.9448202,0.9382369,0.8706911,0.82657003,0.8501258,0.8687294,0.89107454,0.8114385,0.85991335,0.87758696,0.9477987,0.93551844,0.9582936,0.93916667,0.9385347,0.9586814,0.9473064,0.84774196,0.93654335,0.8968858,0.8787784,0.9442225,0.95492554,0.9392991,0.9414874,0.757738,0.9424021,0.92940605,0.8444936,0.91231483,0.914212,0.88367856,0.7095393,0.9478131,0.936667,0.93910784,0.7312424,0.8848579,0.85935134,0.89125645,0.9462044,0.9464776,0.94249034,0.87014985,0.9388716,0.80773324,0.88909066,0.9147943,0.8898708,0.9380764,0.94184095,0.9489965,0.925726,0.9571572,0.8928485,0.85206044,0.84946626,0.8940106,0.9442653,0.94015926,0.9392565,0.94695425,0.9449908,0.94261336,0.9490601,0.8892776,0.93817455,0.8804302,0.94252384,0.8647449,0.9377147,0.9402293,0.8493005,0.8877122,0.9096961,0.9438596,0.9043558,0.8095451,0.96334046,0.93929136,0.9415728,0.94252396,0.9436848,0.9411858,0.9337172,0.93608433,0.849142,0.8961289,0.8771567,0.94372547,0.84903574,0.94145745,0.7119986,0.90012777,0.90742266,0.932297,0.9321921,0.9034914,0.79719484,0.9473775,0.95001584,0.95267975,0.95516735,0.9201175,0.94502187,0.83087397,0.9427007,0.8743685,0.8983114,0.77424663,0.9432881,0.7903012,0.9360355,0.953932,0.94391906,0.9215764,0.7582787,0.89850336,0.6410192,0.92455655,0.9478997,0.90743303,0.91993207,0.94265825,0.94191194,0.84949625
ARG_Carcarana-3_3_I-1-1.log,0.95327926,0.9290278,0.8896524,0.86908484,0.7076919,0.9398253,0.9096128,0.9216386,0.9498607,1.0,0.9120297,0.88699186,0.88258445,0.8282717,0.94439805,0.7975656,0.9227027,0.9400695,0.95371914,0.91618955,0.990582,0.95381165,0.9028737,0.917266,0.86679196,0.9186987,0.91668314,0.9409939,0.9344141,0.8971873,0.8592435,0.8341371,0.95119613,0.94661087,0.8968991,0.89371645,0.93990314,0.9262492,0.922499,0.81003916,0.9193315,0.9123699,0.91154104,0.95830065,0.93225694,0.82697463,0.85990816,0.86369187,0.90474176,0.8993365,0.8460307,0.8911623,0.9155209,0.9238831,0.9476748,0.9752761,0.93341553,0.9339917,0.92457104,0.9557906,0.88354814,0.94579816,0.93684626,0.914784,0.95484203,0.93343496,0.9513361,0.92511207,0.7927063,0.9554402,0.9351998,0.8844644,0.945897,0.95389163,0.9164103,0.74273264,0.9539369,0.9818425,0.94829434,0.7158595,0.9144866,0.89816046,0.8807389,0.9465009,0.9331734,0.9530927,0.90959066,0.92695683,0.847994,0.9251876,0.956,0.899206,0.9358031,0.9544077,0.94622546,0.9390717,0.9304795,0.93324846,0.8863927,0.8759583,0.9344286,0.91454196,0.9488248,0.95131683,0.93168306,0.95568013,0.95563245,0.94387746,0.9210499,0.9214148,0.91653407,0.8988364,0.89894706,0.9394595,0.93075854,0.8776761,0.9238318,0.9352811,0.9559824,0.94546276,0.84643114,0.9249093,0.9402707,0.9502567,0.9576971,0.9544202,0.9547963,0.9419817,0.9334046,0.81507134,0.93328285,0.9131251,0.89984035,0.8851555,0.95244026,0.7415507,0.9367578,0.94648075,0.92142415,0.9434442,0.91192865,0.8359997,0.9475845,0.9069074,0.9088431,0.91577274,0.8917894,0.9469596,0.8635462,0.953906,0.8835806,0.9378087,0.8063613,0.95993465,0.7960519,0.94622296,0.9227131,0.9391924,0.96049476,0.7932375,0.930921,0.62717485,0.96768534,0.9670307,0.95082486,0.9553374,0.9590799,0.9121692,0.85325646
ZAM_Tjunction-1_245_I-1-1.log,0.94899994,0.9812879,0.8023552,0.78986835,0.719071,0.96683466,0.82185155,0.9851128,0.9417951,0.9120297,1.0,0.81923157,0.89055395,0.8754238,0.9530708,0.7102684,0.8354056,0.94344115,0.9515419,0.8298204,0.90457773,0.87397444,0.82177544,0.982662,0.7828479,0.83855474,0.831309,0.9373987,0.94919646,0.90330243,0.7714822,0.7468462,0.95162225,0.8612368,0.97705364,0.8997945,0.8539805,0.84595525,0.9526015,0.7227483,0.8380643,0.97667116,0.91905284,0.9518769,0.9514339,0.89706993,0.77214694,0.86949164,0.81744456,0.90639704,0.7606417,0.80910754,0.8282237,0.9465152,0.95170426,0.9334198,0.9446998,0.9559562,0.96833724,0.9514247,0.79672676,0.9533548,0.85147214,0.8274869,0.9523374,0.97475266,0.9514489,0.97228366,0.70541537,0.95117176,0.88923264,0.79909027,0.86275566,0.86665833,0.832901,0.6549777,0.94659245,0.8944975,0.95330614,0.7124369,0.8374108,0.81086326,0.856162,0.95016444,0.9444761,0.9521533,0.82229346,0.9508326,0.7626262,0.8378904,0.8700773,0.9103084,0.9478168,0.9488083,0.9532824,0.9313264,0.9798462,0.8473749,0.7986315,0.7986605,0.8485904,0.9960791,0.9529632,0.9504081,0.9444601,0.9535337,0.9515242,0.95148176,0.8385237,0.94717836,0.82923687,0.9672471,0.81118584,0.94770694,0.9412945,0.79848844,0.8365346,0.85810703,0.94988686,0.8600887,0.75913393,0.9778694,0.95262694,0.95435035,0.9481461,0.8947978,0.9492028,0.95575464,0.9478247,0.89710724,0.8469164,0.82582796,0.96932054,0.7978583,0.94830686,0.6537957,0.8542691,0.8616685,0.9351875,0.9521854,0.92473423,0.75063187,0.9459912,0.9719176,0.97180605,0.9729781,0.92599565,0.95126575,0.77766466,0.9527806,0.8922203,0.8533744,0.7219124,0.9455967,0.73372245,0.95314103,0.9791835,0.94200194,0.880158,0.70594656,0.852878,0.62084985,0.8815625,0.9315738,0.86352766,0.87276816,0.94721764,0.99755085,0.7961406
ZAM_Tjunction-1_70_I-1-1.log,0.8499513,0.83789796,0.9332502,0.8554688,0.77545524,0.84700614,0.92708933,0.83098733,0.8698979,0.88699186,0.81923157,1.0,0.78022,0.7915942,0.84108275,0.84256244,0.9241393,0.8528037,0.84944993,0.9201511,0.8959983,0.86147356,0.96518207,0.82444686,0.88402134,0.96758646,0.9266511,0.86596596,0.8461023,0.7843693,0.9131151,0.8844996,0.8469269,0.91990536,0.82833374,0.79664886,0.92426705,0.9589622,0.85328645,0.86603194,0.93468815,0.83767116,0.8004655,0.8539986,0.84838545,0.77553874,0.9383221,0.75087386,0.92529607,0.7969769,0.8721235,0.90506905,0.93549806,0.8649066,0.8423861,0.86323315,0.8564948,0.84435475,0.83257556,0.85917,0.95190465,0.843411,0.9204459,0.9234164,0.85230196,0.84061587,0.84613657,0.8322915,0.83943886,0.8502319,0.9128283,0.91386676,0.9249767,0.9098574,0.9377152,0.8260909,0.8563274,0.8966917,0.84593415,0.7891551,0.9451166,0.9376349,0.8464811,0.8529126,0.8610618,0.8497565,0.9308848,0.85381144,0.8698453,0.92185575,0.8961643,0.79096925,0.8558823,0.8511033,0.85626465,0.82624316,0.83824843,0.9363849,0.9089899,0.9697406,0.94051003,0.82171065,0.8455109,0.8461094,0.86368084,0.852365,0.8503697,0.8550862,0.9327158,0.85185176,0.92100424,0.842557,0.9431144,0.8518163,0.8630812,0.9469135,0.9106326,0.92817473,0.8534765,0.91958904,0.9002143,0.8412926,0.84600914,0.84883296,0.85342836,0.89768183,0.84960663,0.8396257,0.85034335,0.72034,0.92543,0.9250065,0.8344888,0.8802101,0.851037,0.82244766,0.93712604,0.9235789,0.8492383,0.83905977,0.81035906,0.88828397,0.8598889,0.83961564,0.84255177,0.83273154,0.826627,0.85174733,0.9482358,0.84956837,0.78122467,0.9386197,0.85633194,0.85569036,0.89665884,0.84290314,0.830992,0.86106336,0.91098136,0.83885723,0.9368732,0.71571565,0.8923337,0.8582205,0.9123703,0.9101479,0.8546461,0.8193504,0.9205413
ZAM_Tjunction-1_468_I-1-1.log,0.92928576,0.8855732,0.7731949,0.88233685,0.6186427,0.91908276,0.79237306,0.89125097,0.8733523,0.88258445,0.89055395,0.78022,1.0,0.76981294,0.93532866,0.6811081,0.8062453,0.9244273,0.92883116,0.80066013,0.87511176,0.8448142,0.79230934,0.9078908,0.75336933,0.8090786,0.8021488,0.9129043,0.92239285,0.8705905,0.74200374,0.7176858,0.9313859,0.83207655,0.87314194,0.9824437,0.82493806,0.81648916,0.9103161,0.6935879,0.8085983,0.8786704,0.89419997,0.9242338,0.9201867,0.80307066,0.7426684,0.8446264,0.78828436,0.98227745,0.7312794,0.7796335,0.7989446,0.9030372,0.93490934,0.9059248,0.91919345,0.9229798,0.86848104,0.9197482,0.7672483,0.9358214,0.82231194,0.7983266,0.9277365,0.9065284,0.9312049,0.9166275,0.676255,0.9271325,0.8266585,0.76993006,0.83327717,0.83749807,0.8037408,0.62549907,0.92168844,0.8653328,0.93424356,0.6120087,0.8060526,0.7816442,0.7850001,0.9261757,0.91327554,0.92948985,0.79313326,0.91495615,0.7334658,0.8087302,0.84093094,0.88550925,0.91909474,0.92790383,0.9224707,0.89514714,0.88222504,0.8179088,0.769153,0.76918644,0.8191119,0.8940708,0.93187284,0.93124074,0.9128811,0.9268957,0.9269422,0.9237448,0.8093634,0.9093596,0.80007666,0.8698057,0.78170735,0.9253752,0.90946674,0.76900995,0.80737436,0.82674885,0.9256247,0.83092844,0.7299737,0.88496184,0.92958444,0.9313735,0.9247795,0.8473761,0.9276813,0.93315744,0.921404,0.8047209,0.8174379,0.7966677,0.8684896,0.7686981,0.92917514,0.62431705,0.82479066,0.83219004,0.90185404,0.9362551,0.9655417,0.7214714,0.91923434,0.8768178,0.87504345,0.87441707,0.87092674,0.92641884,0.7481862,0.92867815,0.99611294,0.8242142,0.6926749,0.9178035,0.6871813,0.9363606,0.883442,0.9190663,0.8509978,0.6767862,0.8205799,0.520409,0.8524022,0.89570063,0.83436745,0.84329796,0.9234058,0.88884056,0.75444406
DEU_Flensburg-43_1_I-1-1.log,0.8342022,0.8782198,0.77318466,0.71700156,0.74579775,0.84908736,0.7800832,0.87683815,0.87665546,0.8282717,0.8754238,0.7915942,0.76981294,1.0,0.8315972,0.7216085,0.7846504,0.8434169,0.83521295,0.7790271,0.8252758,0.8370241,0.7942978,0.85812783,0.7342336,0.8004459,0.777843,0.8518032,0.84248555,0.82814896,0.7572183,0.7374549,0.83393407,0.78447455,0.8964,0.7862942,0.7976965,0.80707014,0.85089517,0.713357,0.78689796,0.89114255,0.82847226,0.8378991,0.8462635,0.8416011,0.7687082,0.8120717,0.78466964,0.78661835,0.7480328,0.75595415,0.78977096,0.85912216,0.8315211,0.8408693,0.8494227,0.8405694,0.87915504,0.8404924,0.76943314,0.83284265,0.7781345,0.780476,0.8373171,0.8592986,0.8334343,0.8486977,0.75371635,0.83549595,0.8419092,0.7585129,0.7973887,0.79256994,0.79026574,0.697999,0.8409497,0.81981164,0.83411366,0.72953606,0.79969794,0.77801526,0.8851391,0.84037304,0.8528338,0.83587384,0.77847177,0.8511959,0.7208943,0.778826,0.803969,0.8268352,0.8497776,0.8349198,0.8453773,0.84307814,0.8805328,0.7871049,0.8240503,0.77118295,0.78837615,0.8719046,0.8352882,0.83294183,0.8563721,0.8380855,0.8356983,0.84432817,0.7892377,0.85337853,0.7818117,0.89023095,0.7998977,0.84427106,0.85247326,0.75755936,0.78939146,0.80314875,0.83695436,0.7837236,0.7440076,0.8834018,0.8381741,0.83654106,0.8357012,0.8327904,0.8342753,0.8328388,0.84613645,0.8430307,0.7860535,0.78208584,0.90132225,0.8021069,0.8345486,0.6502847,0.78850216,0.79099846,0.84168303,0.83002585,0.8019449,0.7316252,0.8477757,0.8919914,0.89459217,0.89367604,0.8334032,0.8404845,0.7525748,0.83633363,0.7711473,0.7900453,0.75293994,0.8365074,0.77355254,0.83249557,0.8833811,0.84859806,0.79965174,0.69655526,0.7967318,0.6579889,0.8060194,0.83410287,0.7870862,0.80361456,0.83583724,0.87715274,0.7730768
ZAM_Tjunction-1_488_I-1-1.log,0.9901255,0.94643307,0.8349981,0.8212583,0.6795019,0.97995013,0.8541957,0.95211947,0.9342208,0.94439805,0.9530708,0.84108275,0.93532866,0.8315972,1.0,0.74291134,0.8680485,0.9880148,0.9906343,0.8624633,0.9369252,0.90661734,0.85412276,0.9703913,0.81519204,0.8709012,0.8639519,0.9737734,0.9860303,0.9343293,0.80382645,0.7794889,0.99317974,0.8938797,0.9351096,0.9409618,0.886406,0.87830263,0.97305036,0.755391,0.870412,0.9404545,0.95884186,0.98604727,0.98382473,0.864846,0.8044911,0.9092776,0.8500875,0.94633293,0.7931026,0.8414556,0.8607673,0.9648213,0.9965737,0.9677187,0.9818899,0.9866133,0.93026507,0.98059714,0.8290709,0.9965301,0.8841151,0.8601298,0.9885957,0.9673975,0.9930276,0.97999096,0.73805815,0.9889475,0.887527,0.8317332,0.8950999,0.89930123,0.86554456,0.6873218,0.98254764,0.9271436,0.9948902,0.6728679,0.8669211,0.84346694,0.8458686,0.9870442,0.97413474,0.99033815,0.85493636,0.9786035,0.79526895,0.87053335,0.90250283,0.94988,0.9808794,0.989707,0.98332995,0.9586998,0.94309354,0.87972224,0.83097565,0.83005375,0.8809346,0.9567958,0.99369216,0.9930439,0.9746651,0.98871773,0.9887557,0.984604,0.8711666,0.972997,0.8618798,0.9315806,0.84353006,0.9871506,0.97124153,0.83083326,0.8691776,0.88761735,0.9864645,0.8927316,0.79177684,0.94583035,0.99263823,0.9922304,0.98658264,0.90806305,0.9894845,0.9966248,0.9850509,0.86830705,0.8791919,0.85847086,0.9302737,0.83050126,0.99004364,0.6861398,0.8866135,0.8940127,0.9636288,0.9948629,0.96442604,0.78327465,0.9800942,0.93860173,0.9368259,0.93528557,0.9327015,0.9872781,0.8100089,0.99049157,0.93792754,0.8860173,0.7544975,0.9796067,0.74804056,0.99805254,0.9443105,0.9799348,0.91280097,0.73858935,0.8824026,0.5812775,0.91418827,0.9589191,0.8961706,0.9051207,0.9851997,0.9513713,0.8153125
DEU_Flensburg-83_1_I-1-1.log,0.7517884,0.7286719,0.9034149,0.79755914,0.64230037,0.7382554,0.8826293,0.7221683,0.7626026,0.7975656,0.7102684,0.84256244,0.6811081,0.7216085,0.74291134,1.0,0.8748628,0.7426549,0.752277,0.880448,0.7993924,0.81898624,0.85164934,0.71570194,0.80334675,0.8380369,0.87895936,0.75325817,0.7349993,0.7398436,0.90434223,0.8764449,0.7497108,0.84903157,0.70768875,0.69152176,0.85617006,0.8461662,0.7266966,0.8663324,0.8269708,0.71704376,0.72928065,0.7567737,0.7334656,0.64808476,0.88702273,0.7083913,0.8928016,0.6978909,0.8455659,0.82155126,0.8820447,0.7383239,0.746134,0.77499247,0.74160254,0.7334789,0.7398906,0.7546806,0.87506914,0.7442832,0.85879624,0.88278157,0.7527074,0.73184264,0.74988014,0.7235383,0.85671675,0.7539638,0.8207254,0.90733194,0.847245,0.84361005,0.8773661,0.8086194,0.7530565,0.81572306,0.74686456,0.6611488,0.87265456,0.8940445,0.77883357,0.7449088,0.7433089,0.7515759,0.88703495,0.7331785,0.8130204,0.872378,0.8401772,0.7206472,0.742869,0.75320435,0.74632865,0.74985886,0.7292826,0.8623202,0.87206507,0.8391472,0.8611953,0.7125678,0.7468963,0.74986744,0.7441635,0.75375116,0.7540674,0.74421036,0.8717447,0.7312068,0.8810315,0.7159596,0.8907569,0.74071324,0.7431632,0.81376034,0.87373376,0.85186005,0.75440216,0.85017973,0.90898126,0.7277238,0.73895013,0.7487498,0.7563287,0.8153187,0.7534268,0.7400863,0.737345,0.65532655,0.8630569,0.8844404,0.7139485,0.84702545,0.75055194,0.79551387,0.85537106,0.84811866,0.7333642,0.7418314,0.71007466,0.8845793,0.74880457,0.71897626,0.7219109,0.7181141,0.7000296,0.7456138,0.83842444,0.7518859,0.6821052,0.85689396,0.89876056,0.75945586,0.7886957,0.7447252,0.7222468,0.7452283,0.8301104,0.849506,0.857174,0.6127914,0.8287059,0.77163297,0.8467407,0.8375002,0.7574749,0.7101524,0.8008209
BEL_Wervik-4_2_I-1-1.log,0.8769256,0.8538091,0.9669496,0.9171216,0.7092099,0.8633926,0.98499537,0.8473055,0.8865781,0.9227027,0.8354056,0.9241393,0.8062453,0.7846504,0.8680485,0.8748628,1.0,0.86779207,0.87741417,0.9868031,0.9245296,0.92296094,0.94526553,0.84083915,0.91722804,0.9471955,0.98248476,0.8773335,0.86013645,0.84574974,0.93461174,0.89851385,0.874848,0.97414947,0.83282596,0.816659,0.975538,0.9561348,0.8518338,0.8870993,0.94710606,0.8421809,0.8428794,0.88191086,0.8586028,0.76840013,0.92662644,0.8123613,0.98203903,0.823028,0.9068542,0.94212955,0.9848435,0.86204314,0.8712712,0.9001296,0.86673975,0.85861605,0.8638525,0.8798177,0.9378633,0.8694204,0.97936004,0.987578,0.87784463,0.8569798,0.8750173,0.84867543,0.85690194,0.879101,0.9326127,0.95207274,0.9723402,0.9682429,0.97282314,0.81881803,0.8781937,0.9408603,0.87200177,0.71392,0.97262645,0.96560574,0.8683257,0.870046,0.8664322,0.87671304,0.97814137,0.85831565,0.90164685,0.99274075,0.95762193,0.8303998,0.86800617,0.8783415,0.87146586,0.87487054,0.85441977,0.98096997,0.9222879,0.91894895,0.98336583,0.837705,0.8720335,0.87500465,0.8690394,0.87888837,0.8792046,0.8693476,0.975807,0.856344,0.9898403,0.83773214,0.95695144,0.86585045,0.86830044,0.92486817,0.9809793,0.976882,0.8795394,0.9751105,0.91795874,0.8528609,0.86408734,0.873887,0.88146585,0.94044554,0.878564,0.86522347,0.8624822,0.75929785,0.9844946,0.986221,0.8390857,0.94993544,0.87568915,0.817636,0.97970676,0.9732312,0.85507536,0.86696863,0.8352119,0.90536755,0.8739417,0.8433856,0.84704804,0.8432513,0.8251668,0.87075096,0.92271966,0.8770231,0.8072424,0.98168576,0.8796,0.88412553,0.83103913,0.8698624,0.8473681,0.87036544,0.9552475,0.87029755,0.97525084,0.64488363,0.953821,0.8967701,0.9698151,0.96261686,0.8826121,0.8352896,0.8665203
ZAM_Tjunction-1_481_I-1-1.log,0.9824679,0.9427926,0.83474165,0.81973493,0.69148046,0.97254354,0.85676426,0.9488521,0.93805116,0.9400695,0.94344115,0.8528037,0.9244273,0.8434169,0.9880148,0.7426549,0.86779207,1.0,0.9828022,0.8599804,0.9390083,0.9020766,0.8660174,0.9594229,0.8211198,0.8824999,0.86335415,0.98557794,0.9922463,0.9225298,0.8097551,0.7792325,0.9852358,0.893007,0.9441491,0.93954843,0.883694,0.8901825,0.9812803,0.7551346,0.88239574,0.9518107,0.94749606,0.97837234,0.9907289,0.876749,0.8125747,0.8977921,0.8498311,0.93643284,0.79302704,0.8473837,0.86061025,0.9766223,0.9862393,0.9601828,0.9932471,0.98481363,0.92520607,0.9733056,0.8368239,0.98580945,0.88306165,0.85987335,0.98197776,0.96090823,0.98477316,0.9687295,0.73780173,0.98131925,0.8867166,0.8314768,0.8934759,0.8976825,0.86528635,0.69554585,0.98443323,0.9238485,0.98558164,0.68483394,0.8671664,0.8432498,0.853876,0.9879034,0.986046,0.98296607,0.85467994,0.9867889,0.79501253,0.8699788,0.8997908,0.9379998,0.99030906,0.9820568,0.98669165,0.94671535,0.93833435,0.880216,0.8389294,0.84193474,0.8814592,0.94684535,0.9864176,0.98511493,0.9862618,0.98249835,0.9811432,0.9878348,0.87091017,0.9812868,0.8616234,0.9434915,0.85188055,0.9956622,0.98317283,0.8427125,0.86892116,0.887961,0.97909236,0.8921215,0.7915204,0.9490441,0.99026656,0.9841926,0.9792937,0.9058016,0.9818793,0.9855998,0.9927935,0.8567664,0.8770737,0.85821444,0.9419942,0.83024484,0.9830787,0.6920684,0.8854969,0.8937812,0.9755601,0.9829881,0.95274395,0.78301823,0.99045765,0.950327,0.9485916,0.939346,0.94451827,0.98829603,0.8218899,0.9844638,0.9266602,0.88575983,0.7542989,0.9725738,0.76002574,0.987154,0.94006974,0.9917014,0.9108965,0.73833287,0.88266134,0.59287643,0.90953875,0.94703937,0.89585614,0.9051547,0.9781089,0.9415527,0.82719356
ZAM_Tjunction-1_506_I-1-1.log,0.995419,0.95479953,0.84436375,0.8296406,0.6846916,0.9841415,0.86353225,0.9583745,0.9421184,0.95371914,0.9515419,0.84944993,0.92883116,0.83521295,0.9906343,0.752277,0.87741417,0.9828022,1.0,0.871829,0.94624656,0.915983,0.8634442,0.9628407,0.82452846,0.88022345,0.87331766,0.97802955,0.97722095,0.93362844,0.8131629,0.7888546,0.9964933,0.9032454,0.93453944,0.9365814,0.89556724,0.8866698,0.96533775,0.7647567,0.879733,0.94372225,0.9506647,0.9952948,0.9750147,0.86570907,0.81382763,0.9011156,0.8594532,0.94560796,0.8024385,0.8507763,0.87010384,0.9655115,0.9929027,0.9759696,0.9762676,0.9775995,0.93047047,0.98900867,0.83840746,0.9910664,0.8934808,0.86949545,0.9969629,0.9757663,0.9966443,0.9709772,0.74742377,0.9982782,0.8959093,0.8410989,0.90443635,0.90866697,0.8749095,0.69665825,0.9909148,0.9364676,0.9945664,0.6812351,0.87530345,0.85280347,0.8542509,0.9891828,0.9741313,0.9978979,0.86430204,0.9697997,0.8046346,0.879899,0.91166407,0.9405442,0.9777066,0.99609095,0.9878164,0.95781505,0.95147574,0.8890437,0.8403122,0.83842087,0.8902609,0.95527023,0.99388087,0.9966489,0.97298914,0.99708486,0.9971229,0.9868711,0.8795781,0.9641876,0.8712455,0.9351813,0.85286653,0.9821207,0.9733826,0.83920926,0.87854326,0.89599967,0.9948607,0.9020973,0.8011425,0.9517891,0.9840163,0.9959117,0.9959483,0.91624093,0.9966176,0.98762465,0.9762486,0.8589572,0.8883239,0.86783653,0.93388975,0.83986694,0.99312097,0.6954763,0.8959498,0.9033492,0.96408737,0.9895543,0.95779765,0.79264027,0.98738426,0.9422027,0.9404268,0.94151366,0.9341126,0.98880917,0.81934536,0.99833846,0.92982334,0.895368,0.76383406,0.98801816,0.75640774,0.99244773,0.9518311,0.98002434,0.9221599,0.74795496,0.89173913,0.5896598,0.9233495,0.95801926,0.9055363,0.9144572,0.9935961,0.9498404,0.8236948
