,ZAM_Tjunction-1_86_I-1-1.log,ZAM_Tjunction-1_9_I-1-1.log,DEU_Hennigsdorf-5_3_I-1-1.log,DEU_Ibbenbueren-7_1_I-1-1.log,ESP_SantBoideLlobregat-11_2_I-1-1.log,ZAM_Tjunction-1_201_I-1-1.log,ARG_Carcarana-7_4_I-1-1.log,ZAM_Tjunction-1_39_I-1-1.log,ARG_Carcarana-1_3_I-1-1.log,ARG_Carcarana-3_3_I-1-1.log,ZAM_Tjunction-1_245_I-1-1.log,ZAM_Tjunction-1_70_I-1-1.log,ZAM_Tjunction-1_468_I-1-1.log,DEU_Flensburg-43_1_I-1-1.log,ZAM_Tjunction-1_488_I-1-1.log,DEU_Flensburg-83_1_I-1-1.log,BEL_Wervik-4_2_I-1-1.log,ZAM_Tjunction-1_481_I-1-1.log,ZAM_Tjunction-1_506_I-1-1.log,DEU_Ibbenbueren-7_4_I-1-1.log,ARG_Carcarana-1_1_I-1-1.log,DEU_Lohmar-69_1_I-1-1.log,ZAM_Tjunction-1_24_I-1-1.log,ZAM_Tjunction-1_195_I-1-1.log,ZAM_Tjunction-1_475_I-1-1.log,ZAM_Tjunction-1_392_I-1-1.log,ESP_SantBoideLlobregat-14_5_I-1-1.log,ZAM_Tjunction-1_21_I-1-1.log,ZAM_Tjunction-1_190_I-1-1.log,DEU_Stu-1_3_I-1-1.log,ARG_Carcarana-8_3_I-1-1.log,BEL_Putte-10_1_I-1-1.log,ZAM_Tjunction-1_83_I-1-1.log,HRV_Pula-30_5_I-1-1.log,ZAM_Tjunction-1_205_I-1-1.log,ZAM_Tjunction-1_116_I-1-1.log,USA_US101-13_2_I-1-1.log,ZAM_Tjunction-1_1_I-1-1.log,ZAM_Tjunction-1_291_I-1-1.log,DEU_Guetersloh-55_3_I-1-1.log,ZAM_Tjunction-1_520_I-1-1.log,ZAM_Tjunction-1_437_I-1-1.log,CHN_Cho-2_7_I-1-1.log,ZAM_Tjunction-1_145_I-1-1.log,ZAM_Tjunction-1_435_I-1-1.log,ZAM_Tjunction-1_124_I-1-1.log,DEU_Flensburg-89_1_I-1-1.log,DEU_Stu-1_1_I-1-1.log,ESP_Berga-4_1_I-1-1.log,ZAM_Tjunction-1_439_I-1-1.log,ESP_Mad-1_3_I-1-1.log,ZAM_Tjunction-1_379_I-1-1.log,ESP_SantBoideLlobregat-11_4_I-1-1.log,ZAM_Tjunction-1_50_I-1-1.log,ZAM_Tjunction-1_511_I-1-1.log,ARG_Carcarana-1_6_I-1-1.log,ZAM_Tjunction-1_444_I-1-1.log,ZAM_Tjunction-1_94_I-1-1.log,FRA_MoissyCramayel-1_1_I-1-1.log,ZAM_Tjunction-1_48_I-1-1.log,DEU_Guetersloh-20_3_I-1-1.log,ZAM_Tjunction-1_265_I-1-1.log,BEL_Nivelles-16_4_I-1-1.log,BEL_Putte-2_2_I-1-1.log,ZAM_Tjunction-1_471_I-1-1.log,ZAM_Tjunction-1_388_I-1-1.log,ZAM_Tjunction-1_142_I-1-1.log,ZAM_Tjunction-1_211_I-1-1.log,DEU_Lohmar-44_1_I-1-1.log,ZAM_Tjunction-1_515_I-1-1.log,FRA_Anglet-4_6_I-1-1.log,RUS_Bicycle-12_1_I-1-1.log,DEU_Rheinbach-4_3_I-1-1.log,HRV_Pula-12_2_I-1-1.log,ITA_Siderno-4_4_I-1-1.log,DEU_Flensburg-94_1_I-1-1.log,ZAM_Tjunction-1_502_I-1-1.log,ARG_Carcarana-1_5_I-1-1.log,ZAM_Tjunction-1_127_I-1-1.log,ZAM_Tjunction-1_501_I-1-1.log,DEU_Ibbenbueren-2_1_I-1-1.log,DEU_Muehlhausen-7_3_I-1-1.log,DEU_Lohmar-52_1_I-1-1.log,ZAM_Tjunction-1_476_I-1-1.log,ZAM_Tjunction-1_159_I-1-1.log,ZAM_Tjunction-1_525_I-1-1.log,DEU_Moabit-6_3_I-1-1.log,ZAM_Tjunction-1_490_I-1-1.log,RUS_Bicycle-10_1_I-1-1.log,DEU_Hennigsdorf-5_5_I-1-1.log,DEU_Flensburg-42_1_I-1-1.log,CHN_Cho-2_4_I-1-1.log,ZAM_Tjunction-1_366_I-1-1.log,ZAM_Tjunction-1_53_I-1-1.log,ZAM_Tjunction-1_358_I-1-1.log,ARG_Carcarana-7_1_I-1-1.log,ZAM_Tjunction-1_539_I-1-1.log,ZAM_Tjunction-1_395_I-1-1.log,DEU_Flensburg-88_1_I-1-1.log,ZAM_Tjunction-1_535_I-1-1.log,DEU_Ibbenbueren-12_1_I-1-1.log,ZAM_Tjunction-1_250_I-1-1.log,ZAM_Tjunction-1_101_I-1-1.log,ZAM_Tjunction-1_424_I-1-1.log,ZAM_Tjunction-1_64_I-1-1.log,ZAM_Tjunction-1_155_I-1-1.log,ZAM_Tjunction-1_121_I-1-1.log,ZAM_Tjunction-1_504_I-1-1.log,ITA_Siderno-8_4_I-1-1.log,ZAM_Tjunction-1_484_I-1-1.log,BEL_Putte-7_3_I-1-1.log,ZAM_Tjunction-1_19_I-1-1.log,DEU_Flensburg-85_1_I-1-1.log,ZAM_Tjunction-1_150_I-1-1.log,ZAM_Tjunction-1_408_I-1-1.log,ZAM_Tjunction-1_54_I-1-1.log,DEU_Flensburg-73_1_I-1-1.log,DEU_BadEssen-1_1_I-1-1.log,ZAM_Tjunction-1_38_I-1-1.log,HRV_Pula-30_4_I-1-1.log,ESP_SantBoideLlobregat-14_1_I-1-1.log,ZAM_Tjunction-1_377_I-1-1.log,ZAM_Tjunction-1_224_I-1-1.log,ZAM_Tjunction-1_527_I-1-1.log,ZAM_Tjunction-1_99_I-1-1.log,ITA_Adelfia-1_5_I-1-1.log,ZAM_Tjunction-1_161_I-1-1.log,ZAM_Tjunction-1_147_I-1-1.log,ZAM_Tjunction-1_483_I-1-1.log,DEU_Stu-1_6_I-1-1.log,BEL_Zaventem-2_6_I-1-1.log,DEU_Speyer-1_3_I-1-1.log,ZAM_Tjunction-1_75_I-1-1.log,DEU_Lohmar-56_1_I-1-1.log,ZAM_Tjunction-1_149_I-1-1.log,ESP_SantBoideLlobregat-11_6_I-1-1.log,ZAM_Tjunction-1_135_I-1-1.log,HRV_Pula-9_1_I-1-1.log,ZAM_Tjunction-1_82_I-1-1.log,ZAM_Tjunction-1_95_I-1-1.log,ZAM_Tjunction-1_91_I-1-1.log,DEU_Lohmar-40_1_I-1-1.log,ZAM_Tjunction-1_136_I-1-1.log,ZAM_Tjunction-1_7_I-1-1.log,ZAM_Tjunction-1_357_I-1-1.log,ZAM_Tjunction-1_71_I-1-1.log,ZAM_Tjunction-1_131_I-1-1.log,ZAM_Tjunction-1_430_I-1-1.log,DEU_Hennigsdorf-10_6_I-1-1.log,ZAM_Tjunction-1_139_I-1-1.log,ZAM_Tjunction-1_499_I-1-1.log,ZAM_Tjunction-1_362_I-1-1.log,DEU_Flensburg-95_1_I-1-1.log,DEU_Ffb-2_2_I-1-1.log,DEU_Flensburg-28_1_I-1-1.log,ZAM_Tjunction-1_466_I-1-1.log,ZAM_Tjunction-1_457_I-1-1.log,ZAM_Tjunction-1_522_I-1-1.log,DEU_Speyer-5_2_I-1-1.log,GRC_Perama-6_8_I-1-1.log,BEL_Putte-14_1_I-1-1.log,ESP_SantBoideLlobregat-24_2_I-1-1.log,ESP_Mad-2_1_I-1-1.log,ARG_Carcarana-1_7_I-1-1.log,FRA_Anglet-4_1_I-1-1.log,HRV_Pula-4_2_I-1-1.log,ZAM_Tjunction-1_22_I-1-1.log,ZAM_Tjunction-1_249_I-1-1.log,DEU_Hennigsdorf-10_3_I-1-1.log
ZAM_Tjunction-1_86_I-1-1.log,1.0,0.96244836,0.8748493,0.90889716,0.70187426,0.98475,0.8903958,0.9630788,0.95048094,0.96105224,0.9572353,0.88851225,0.99338907,0.8626651,0.99177575,0.79541034,0.89875877,0.9861789,0.99614745,0.8916604,0.9551673,0.9289353,0.8941885,0.96936893,0.8543894,0.9108932,0.8937077,0.98497766,0.9813067,0.94106436,0.8482067,0.8285545,0.9968368,0.9187943,0.94384193,0.9910344,0.9118673,0.91085595,0.9723501,0.81063217,0.90453035,0.95123917,0.95819426,0.9949105,0.98005074,0.89247626,0.8321948,0.9164124,0.88416,0.9950985,0.8362702,0.8761022,0.8928486,0.9749289,0.99297476,0.97686285,0.98148686,0.9817401,0.93937856,0.9920364,0.85432106,0.9938313,0.91049534,0.89181376,0.9968656,0.97827584,0.9961649,0.9762482,0.7921354,0.9964358,0.9132024,0.86733747,0.91924286,0.92304564,0.8982182,0.7819647,0.99348813,0.9468955,0.9959635,0.6761298,0.8941118,0.88194335,0.82627535,0.9922262,0.9827124,0.9970202,0.89014304,0.9766056,0.83720016,0.89926815,0.9253788,0.95053625,0.9836017,0.9980026,0.9887343,0.9615792,0.9596618,0.90707684,0.8459031,0.876487,0.91066813,0.9602991,0.99475193,0.9967455,0.98036313,0.9952159,0.9961399,0.98981667,0.9002569,0.9717828,0.8923503,0.94756913,0.86508477,0.98613,0.97901493,0.8733379,0.8984705,0.9147387,0.9961525,0.917938,0.8402598,0.95886844,0.9872239,0.9950414,0.9954778,0.93002814,0.99808824,0.99021244,0.981195,0.88174415,0.905656,0.8905847,0.9437529,0.8673043,0.9972314,0.7952067,0.9121501,0.9188612,0.9729517,0.99226403,0.99187374,0.8317419,0.9889457,0.951602,0.9505607,0.950091,0.94626015,0.9915839,0.87989336,0.9950519,0.992168,0.91358715,0.806038,0.990414,0.8231177,0.9933638,0.958051,0.9853386,0.9335077,0.7921158,0.90863097,0.70346606,0.9351289,0.9622041,0.9209585,0.92775273,0.99514157,0.9557984,0.8806701
ZAM_Tjunction-1_9_I-1-1.log,0.96244836,1.0,0.85531616,0.89064485,0.73888063,0.97161067,0.8713521,0.9913526,0.9644965,0.94056326,0.9844919,0.8782953,0.95664525,0.89966583,0.9550489,0.7758771,0.87922555,0.95270133,0.9620083,0.8721272,0.9346955,0.90908825,0.8751524,0.9745605,0.83535415,0.8918581,0.8741745,0.95520884,0.9486153,0.9072008,0.82916296,0.8090213,0.95991415,0.89926106,0.9730686,0.95612144,0.8923341,0.8918271,0.9524423,0.79109895,0.8855018,0.98583823,0.92065674,0.9658975,0.9529548,0.91713643,0.81315106,0.8788608,0.86462677,0.95945215,0.8169242,0.85706764,0.87342304,0.9575916,0.9562394,0.9519183,0.952001,0.9538762,0.97417367,0.9671942,0.8352773,0.9571039,0.8909621,0.8722805,0.9643816,0.9823736,0.95925564,0.9676214,0.7726057,0.96259785,0.9228201,0.8478042,0.9001991,0.9035124,0.8786944,0.762921,0.9631456,0.9267544,0.9592184,0.7136805,0.8773995,0.86246717,0.84312487,0.96024364,0.959862,0.962103,0.87060976,0.9527538,0.81766695,0.8797349,0.9058455,0.9129994,0.9517388,0.9633775,0.96220654,0.93663704,0.9961835,0.88804126,0.82685935,0.85824347,0.89163244,0.9849129,0.96004814,0.959203,0.9556989,0.9644159,0.9627722,0.9619517,0.88072366,0.9495195,0.87281704,0.9765152,0.8460411,0.95265406,0.9509135,0.85430354,0.8789373,0.8980693,0.9652807,0.8984048,0.8207265,0.99143213,0.9547053,0.96126693,0.96409565,0.92679995,0.96207803,0.95468426,0.94931954,0.9011692,0.88661224,0.8710515,0.97525465,0.84777117,0.96324396,0.776163,0.8931152,0.89981747,0.9479095,0.9555472,0.95612407,0.81220865,0.9601272,0.9791934,0.9820734,0.98500764,0.939857,0.9593599,0.8608496,0.96214485,0.9554361,0.8940663,0.7865775,0.9622935,0.8192562,0.9566366,0.9916257,0.9562767,0.914771,0.77258253,0.8927215,0.74100214,0.9155684,0.93726766,0.90142524,0.9092796,0.9636936,0.984586,0.87270665
DEU_Hennigsdorf-5_3_I-1-1.log,0.8748493,0.85531616,1.0,0.96398216,0.72467244,0.8632222,0.98040533,0.8497893,0.88297254,0.9130025,0.84006786,0.9523357,0.86826706,0.8130362,0.8674651,0.92055744,0.97609055,0.8662152,0.8752659,0.982728,0.9141332,0.9135243,0.9596588,0.84465057,0.9156926,0.9507836,0.9811417,0.8713185,0.8598443,0.84861,0.9723973,0.93989354,0.8731233,0.9560551,0.8342924,0.8672846,0.95812374,0.95132303,0.8526637,0.9326762,0.9354779,0.844822,0.8460454,0.87908363,0.85884964,0.78271914,0.9369708,0.8203722,0.9906374,0.8703083,0.93436897,0.93142694,0.9818579,0.8601328,0.8702347,0.8943362,0.86246437,0.85952365,0.8639728,0.87718016,0.94329923,0.8686806,0.96435404,0.98215985,0.8755621,0.85801595,0.87329304,0.85126686,0.90332544,0.8766181,0.9324485,0.97935116,0.9551054,0.95144695,0.9766207,0.89768445,0.87583363,0.92792314,0.87087935,0.71214056,0.96994233,0.98748523,0.8189479,0.86898404,0.86390054,0.8744821,0.98432064,0.85715604,0.9238223,0.9755812,0.94299287,0.8358751,0.86404985,0.8760553,0.8699583,0.8733509,0.85576874,0.9670358,0.92021376,0.94676316,0.9634911,0.84190995,0.87050974,0.87324595,0.86474675,0.8764601,0.8767333,0.868314,0.9736705,0.8548141,0.9823454,0.83999884,0.954582,0.8648577,0.86519134,0.926527,0.9650428,0.9571705,0.87701476,0.9569113,0.9591444,0.85427475,0.8642101,0.8720594,0.8785718,0.9285162,0.8761762,0.86516166,0.8619419,0.7759507,0.9686375,0.98419374,0.84014916,0.9346705,0.873806,0.91709435,0.9618859,0.9553109,0.85478073,0.8687205,0.86672306,0.94566727,0.87194467,0.843694,0.8465361,0.84630686,0.82940793,0.86964667,0.9699838,0.87493575,0.8670587,0.9612499,0.9229698,0.88086116,0.8897398,0.8690438,0.8498677,0.8658707,0.9405451,0.9141355,0.9625946,0.76168394,0.9397204,0.8921334,0.95388764,0.9460365,0.87953645,0.83996433,0.918661
DEU_Ibbenbueren-7_1_I-1-1.log,0.90889716,0.89064485,0.96398216,1.0,0.7170045,0.89815426,0.9804522,0.8850092,0.9122927,0.9413126,0.87518275,0.9438977,0.90311396,0.81470907,0.9015249,0.8846933,0.98334724,0.89987975,0.9084976,0.9793045,0.9425669,0.93767554,0.9529576,0.8795822,0.92021435,0.9589812,0.97346944,0.9009824,0.8950187,0.87285745,0.93851805,0.9069054,0.9063738,0.9751758,0.86445796,0.9021224,0.9742238,0.96024054,0.886089,0.89992297,0.9539859,0.87728,0.8751886,0.9123746,0.8937517,0.80852485,0.9095119,0.8445187,0.97330797,0.90515494,0.91333616,0.9432965,0.9731929,0.8888275,0.9026734,0.9218888,0.89524287,0.8951529,0.8985961,0.9111775,0.92277586,0.90273744,0.9804392,0.97768337,0.9108155,0.89297014,0.9057608,0.8861975,0.8703373,0.9090764,0.9408872,0.9485028,0.9740204,0.9738119,0.97277325,0.8718415,0.90988004,0.9555887,0.9057255,0.6956531,0.9719245,0.9650441,0.8312628,0.9038219,0.8967171,0.9085448,0.9727737,0.8903482,0.9072035,0.98412365,0.96598613,0.8675306,0.8965533,0.9100872,0.9045634,0.8974458,0.8910397,0.9735689,0.9041861,0.9363349,0.9746257,0.87716866,0.90493983,0.9056886,0.89420015,0.9108919,0.90921426,0.9035176,0.97535145,0.8854837,0.98161274,0.8679042,0.9366645,0.89983094,0.8940989,0.9362634,0.979448,0.9798469,0.91183007,0.9759187,0.92312664,0.88761353,0.8998394,0.90692073,0.9117511,0.9526722,0.9086293,0.90038484,0.89493847,0.8110352,0.97756696,0.97599345,0.86756206,0.94491035,0.9090123,0.8852876,0.9759217,0.9744151,0.88711363,0.90198123,0.9017539,0.91267914,0.90657324,0.873791,0.8750949,0.88004124,0.86075234,0.9036931,0.95460916,0.908579,0.9019217,0.9753623,0.8953724,0.913877,0.8779614,0.9031043,0.8850382,0.89951605,0.97250915,0.8811474,0.9729549,0.7459917,0.9638592,0.9196724,0.97481734,0.9750576,0.9127492,0.87527525,0.9107906
ESP_SantBoideLlobregat-11_2_I-1-1.log,0.70187426,0.73888063,0.72467244,0.7170045,1.0,0.7141425,0.72008026,0.7373959,0.74999034,0.7216486,0.73180974,0.7642395,0.6999937,0.7518495,0.6983969,0.6625475,0.7209226,0.70745015,0.70268106,0.7183398,0.722872,0.69886386,0.74036,0.7179086,0.6790113,0.7446954,0.716542,0.7165961,0.703485,0.65864927,0.7159321,0.71671975,0.701653,0.71373403,0.7464275,0.7041998,0.72884774,0.7437311,0.7131609,0.69879735,0.7241446,0.7473305,0.67219645,0.70502853,0.7072048,0.7570267,0.7727344,0.6303104,0.72137046,0.7025969,0.6764714,0.69713986,0.72538424,0.72382545,0.69960535,0.71646535,0.7111318,0.7021844,0.7437793,0.7067653,0.7765149,0.7004518,0.7128594,0.7173516,0.7045531,0.7229323,0.7012212,0.7109702,0.6803041,0.70286274,0.75344306,0.7050149,0.72751665,0.71536577,0.7275474,0.6799263,0.70758975,0.7238661,0.7019096,0.92228025,0.7379521,0.7219007,0.7703745,0.70694715,0.7167927,0.7030935,0.7176992,0.70911944,0.6674139,0.7173456,0.71539605,0.66455626,0.7097161,0.7022591,0.7110634,0.69407594,0.74056786,0.7246757,0.76088107,0.7416264,0.7255297,0.7290652,0.7025353,0.70078313,0.71757066,0.70506597,0.7031327,0.71036476,0.7260337,0.7092732,0.7194963,0.7526405,0.7619821,0.70694166,0.7164295,0.7261954,0.7120994,0.72946525,0.70424604,0.71317565,0.71269345,0.74290776,0.7027838,0.7035949,0.7029773,0.73909307,0.701776,0.6980331,0.7054942,0.65502584,0.7209835,0.71852267,0.75189626,0.6872,0.7021256,0.67847145,0.7262751,0.71870804,0.7062733,0.69895524,0.69957125,0.7090875,0.71288335,0.7470541,0.7490561,0.75168806,0.74805266,0.7071599,0.73487425,0.70369947,0.69878495,0.72590375,0.68411124,0.70288974,0.74094903,0.6999855,0.7427501,0.7135512,0.7174461,0.680281,0.730057,0.82702565,0.7166585,0.71669793,0.7121519,0.7224246,0.7032668,0.7335111,0.7900461
ZAM_Tjunction-1_201_I-1-1.log,0.98475,0.97161067,0.8632222,0.89815426,0.7141425,1.0,0.8788615,0.97644824,0.95974183,0.9494916,0.972485,0.8858011,0.9850281,0.87496907,0.9834381,0.78378314,0.88713163,0.97759056,0.98688155,0.8800332,0.94360644,0.91730815,0.88265157,0.9812378,0.84286356,0.8993675,0.88208055,0.97459114,0.97401166,0.9352828,0.8366723,0.8169274,0.9869348,0.9071671,0.95905626,0.98298377,0.9002402,0.8992951,0.9778627,0.79900503,0.89296985,0.9651227,0.9490047,0.9839094,0.9783336,0.9016718,0.8206605,0.9072501,0.87253284,0.9878415,0.82474494,0.8645769,0.8813142,0.97872305,0.9845874,0.96845603,0.977244,0.97925526,0.9546195,0.9859706,0.84278667,0.9854554,0.89886814,0.88018656,0.9871794,0.98923385,0.98675764,0.98804253,0.78051174,0.9863321,0.92239076,0.85571027,0.9077085,0.9114185,0.88660014,0.7704303,0.981494,0.9352627,0.9876077,0.6852915,0.8849518,0.87037325,0.83546376,0.98448646,0.9820447,0.9875937,0.87851584,0.978174,0.82557297,0.88764095,0.9137516,0.94134736,0.9771589,0.98457104,0.98647577,0.95580626,0.96885896,0.89552474,0.83436877,0.8657528,0.89914185,0.9755343,0.9880889,0.98591757,0.97816086,0.98645884,0.9861426,0.9854775,0.88862973,0.9748986,0.8807231,0.95983785,0.85355043,0.9780329,0.97461236,0.8618126,0.8868434,0.90557873,0.98553264,0.90631086,0.8286326,0.9711635,0.9807324,0.98943436,0.9841279,0.9343953,0.98496974,0.9827824,0.97473997,0.8933974,0.8941216,0.8789575,0.9573084,0.8556772,0.9839172,0.7836724,0.90062463,0.9073268,0.9721268,0.9838952,0.9843731,0.82011473,0.98114246,0.96468353,0.9628563,0.96234065,0.9568096,0.98480463,0.86835897,0.98698485,0.98382545,0.9019723,0.7944836,0.9787869,0.8267242,0.985018,0.96985996,0.97793114,0.9226771,0.7804886,0.9002624,0.7126545,0.9235018,0.9563955,0.9093313,0.91700983,0.983334,0.971048,0.880216
ARG_Carcarana-7_4_I-1-1.log,0.8903958,0.8713521,0.98040533,0.9804522,0.72008026,0.8788615,1.0,0.86571646,0.9011842,0.9292154,0.8558899,0.9477436,0.8838211,0.8182495,0.8830356,0.90245783,0.9906911,0.8841647,0.89081186,0.9960049,0.9320826,0.92812294,0.9604213,0.86028945,0.93217427,0.9644555,0.9897162,0.8892679,0.8777938,0.863217,0.9565463,0.9234576,0.888676,0.9706555,0.8522419,0.88523406,0.9735512,0.9657978,0.87061316,0.9174496,0.9534274,0.86277145,0.8614843,0.8946889,0.8767991,0.80066854,0.92587477,0.83497125,0.9897499,0.8858621,0.9263629,0.9493396,0.9874447,0.8780823,0.88579124,0.90977955,0.88041383,0.8774731,0.8801684,0.8926992,0.93689895,0.8842361,0.978955,0.9941662,0.89152265,0.8736774,0.8888666,0.86690474,0.8875042,0.8921822,0.942502,0.96534646,0.97115296,0.96641296,0.98342556,0.8888364,0.8937831,0.9434915,0.8864327,0.70232546,0.97369397,0.98111683,0.83437085,0.8869335,0.88185,0.8900435,0.98864436,0.8751055,0.92279494,0.99017996,0.95759684,0.8514157,0.88199925,0.891598,0.88790774,0.88798994,0.87174696,0.98227626,0.91532886,0.9418413,0.9796852,0.8578759,0.8864506,0.8887943,0.8826962,0.8924026,0.8923079,0.88626343,0.9867359,0.8727636,0.9968591,0.8579483,0.9498262,0.88280714,0.8831408,0.94201934,0.9796339,0.97328275,0.8925373,0.9715117,0.9398321,0.8722242,0.8821596,0.88762796,0.8940654,0.9444616,0.8917229,0.8810921,0.8798913,0.791894,0.9847082,0.99250764,0.8580986,0.9488807,0.88971955,0.9044271,0.9777409,0.97144324,0.87273014,0.8842955,0.8824611,0.9304608,0.88989407,0.86164343,0.8644855,0.8642563,0.8473574,0.88759613,0.96539164,0.8908932,0.8826289,0.97668815,0.9072808,0.8966439,0.8838208,0.88461506,0.8659006,0.8838202,0.9560967,0.898929,0.9777785,0.75359017,0.95432085,0.9075752,0.9684787,0.96185166,0.89505136,0.8559825,0.9141052
ZAM_Tjunction-1_39_I-1-1.log,0.9630788,0.9913526,0.8497893,0.8850092,0.7373959,0.97644824,0.86571646,1.0,0.9610604,0.93429065,0.9877629,0.8724258,0.9614766,0.8984523,0.95988756,0.7703503,0.8736987,0.9577541,0.9650688,0.86660033,0.92842317,0.9031967,0.8692763,0.9794025,0.829502,0.88599384,0.86864763,0.95637435,0.9536851,0.91226935,0.8235273,0.80349445,0.96401054,0.8937342,0.978961,0.9608792,0.88659525,0.88591945,0.9575392,0.7855721,0.87959385,0.9879413,0.9254536,0.9659263,0.95800656,0.9198535,0.80751544,0.8839293,0.8590999,0.9643083,0.81124794,0.85120106,0.8678962,0.96182454,0.9610361,0.95125085,0.9571145,0.9587189,0.9754878,0.9654517,0.82964164,0.96190363,0.8854353,0.8667537,0.96605515,0.9848019,0.96361685,0.9724543,0.7670789,0.9649709,0.9171844,0.8422774,0.8945635,0.8979856,0.8730018,0.75728536,0.9625307,0.92059624,0.9640879,0.7086129,0.87180674,0.8569404,0.83748925,0.9644904,0.9635303,0.9654323,0.865083,0.9578535,0.81204975,0.8742081,0.90031874,0.9177961,0.9568388,0.96309775,0.9672593,0.9375563,0.9894007,0.8821494,0.82122374,0.8523774,0.8857719,0.98971003,0.964871,0.96316576,0.95972437,0.9670435,0.9652397,0.9669631,0.8749989,0.9545719,0.86729026,0.9800175,0.8404054,0.95770586,0.95596623,0.84844583,0.87341046,0.8924337,0.96386105,0.89287794,0.81519973,0.9912557,0.9593989,0.96595085,0.96248,0.9212503,0.9633703,0.95953184,0.9544205,0.90625775,0.88097656,0.86552465,0.9805279,0.8422443,0.9625888,0.77052736,0.88747907,0.8941818,0.9529622,0.96034396,0.9609201,0.8066819,0.96284974,0.98714656,0.98610973,0.98568857,0.94467473,0.9640559,0.85521394,0.96598154,0.96028054,0.88831425,0.7810507,0.960551,0.8133489,0.9614669,0.99251044,0.9595051,0.9092442,0.76705575,0.8871174,0.7362063,0.90967685,0.9379155,0.89589846,0.90375274,0.96167934,0.9893715,0.867071
ARG_Carcarana-1_3_I-1-1.log,0.95048094,0.9644965,0.88297254,0.9122927,0.74999034,0.95974183,0.9011842,0.9610604,1.0,0.9581076,0.9512339,0.90524346,0.9463531,0.8983494,0.944764,0.80445117,0.90682137,0.9487094,0.9513286,0.89973336,0.9551726,0.92706525,0.9022124,0.95161575,0.86243737,0.9187055,0.89692926,0.9561857,0.9439266,0.9020897,0.8624669,0.8375938,0.9496129,0.9209285,0.9503409,0.95059407,0.91956323,0.9187803,0.9495048,0.8196714,0.9125293,0.9608976,0.9151889,0.95363486,0.94849306,0.8951028,0.84327036,0.8738427,0.8923171,0.94918555,0.84420294,0.8841365,0.89949524,0.958592,0.9459126,0.9648913,0.94969755,0.9483985,0.965343,0.95566523,0.8625267,0.94678015,0.9137083,0.8999765,0.95303416,0.96207154,0.949,0.9509992,0.8011701,0.9514992,0.9409396,0.8705417,0.92622244,0.92806077,0.90595686,0.793157,0.95607084,0.947367,0.94896466,0.71773005,0.9016871,0.88780236,0.8569674,0.9547045,0.9575512,0.95169324,0.895413,0.95001566,0.8401551,0.907354,0.92850226,0.90753084,0.94889253,0.95110345,0.9572772,0.9376889,0.9639843,0.9105943,0.85614145,0.8853128,0.9141703,0.95321983,0.94976187,0.9489277,0.9566033,0.9537002,0.9517051,0.9571912,0.9079669,0.9492901,0.9004304,0.95448846,0.87543267,0.94814855,0.9518675,0.8813813,0.9065373,0.92580205,0.952754,0.9201855,0.84768116,0.9693726,0.94911474,0.95096344,0.95163417,0.95281017,0.9504852,0.94441545,0.9468281,0.87317365,0.9127156,0.8987788,0.9540727,0.87537104,0.9507647,0.80946535,0.9160221,0.9226365,0.94605345,0.9452204,0.94579655,0.83592284,0.9560124,0.9597318,0.96164215,0.9623655,0.93426013,0.9537655,0.8899467,0.9518181,0.9451608,0.916411,0.8151516,0.9522886,0.8511454,0.9463435,0.9612446,0.9530985,0.9341528,0.80115503,0.9154637,0.74624556,0.93663293,0.9567648,0.92290133,0.93349963,0.95174783,0.9513265,0.901927
ARG_Carcarana-3_3_I-1-1.log,0.96105224,0.94056326,0.9130025,0.9413126,0.7216486,0.9494916,0.9292154,0.93429065,0.9581076,1.0,0.9264985,0.91930825,0.9544577,0.857275,0.95366454,0.83356345,0.93691194,0.9500789,0.9614278,0.9298135,0.9924768,0.9614027,0.92739064,0.9309151,0.890003,0.94330496,0.9302414,0.95084107,0.9443528,0.91383064,0.88702625,0.86670256,0.95932156,0.955328,0.91383994,0.9540802,0.9500205,0.9433569,0.9353957,0.8487802,0.93785083,0.9265789,0.92577076,0.965317,0.9431271,0.8579588,0.87101436,0.8854918,0.92231315,0.9564731,0.87300307,0.91012126,0.9311094,0.9381224,0.95647967,0.9795225,0.94452435,0.94490296,0.93694866,0.96306235,0.8923492,0.9549038,0.94702905,0.92996687,0.9623071,0.94430435,0.9594666,0.93753964,0.830287,0.9628088,0.94548845,0.9038712,0.95470715,0.9611988,0.93319035,0.8207792,0.96152246,0.98507935,0.9570308,0.7044458,0.9263074,0.92015356,0.84778035,0.9552722,0.9460175,0.96070683,0.92829615,0.93965197,0.87372875,0.93742126,0.9635319,0.91572225,0.9466481,0.9620161,0.9548188,0.94925755,0.9417242,0.94428515,0.88472265,0.90729177,0.94787633,0.92851985,0.95708114,0.95941395,0.94341314,0.9630319,0.9629986,0.95298105,0.93439233,0.93484646,0.9305034,0.9173689,0.9039043,0.9492877,0.943562,0.9049464,0.9366237,0.94701713,0.9632929,0.9544717,0.8784129,0.93685216,0.9502696,0.9582758,0.9646716,0.9621807,0.9622769,0.9517052,0.9442414,0.8448127,0.94433326,0.9287379,0.91678673,0.9054575,0.9603436,0.8340212,0.94694847,0.9551974,0.9365672,0.95502603,0.95323175,0.8682705,0.95586467,0.9230998,0.924397,0.92928267,0.9100747,0.95572746,0.91713,0.9615843,0.95324856,0.9493418,0.84186536,0.96654487,0.85565794,0.9552526,0.9352078,0.948788,0.9668689,0.83026385,0.94243264,0.734257,0.9732821,0.97320527,0.95911163,0.96298456,0.9658355,0.9266101,0.90476334
ZAM_Tjunction-1_245_I-1-1.log,0.9572353,0.9844919,0.84006786,0.87518275,0.73180974,0.972485,0.8558899,0.9877629,0.9512339,0.9264985,1.0,0.86282563,0.9605901,0.89756083,0.96057224,0.7606288,0.8639773,0.953497,0.9593708,0.8568789,0.92063093,0.8941538,0.8596761,0.9854067,0.81989205,0.87639403,0.8589262,0.9483922,0.9573799,0.91873944,0.8137008,0.7937732,0.9594201,0.88401276,0.98191726,0.95861983,0.8770858,0.87631965,0.9613239,0.7758508,0.8699941,0.9813061,0.9321502,0.9596218,0.9598549,0.91756517,0.79768896,0.8903994,0.84937847,0.9618401,0.80167526,0.84160125,0.85817474,0.95775974,0.95936567,0.94416857,0.95460564,0.96300036,0.9734476,0.9593819,0.81981516,0.9607511,0.8757138,0.85703224,0.96010697,0.9789587,0.95924693,0.97668433,0.7573576,0.9591274,0.90735793,0.83255595,0.884737,0.8882642,0.8634454,0.747459,0.9552915,0.9121044,0.96068525,0.7021424,0.86198026,0.8472189,0.82766277,0.9582879,0.95611435,0.9600791,0.8553615,0.9603367,0.8024188,0.8644866,0.8905973,0.9244929,0.95734364,0.95706034,0.96113497,0.9421828,0.98333937,0.8725493,0.81139725,0.8427776,0.87617034,0.99679244,0.9607927,0.95840687,0.9547515,0.9610954,0.95939624,0.95947915,0.86547536,0.95712084,0.8575688,0.9755567,0.8305789,0.95681167,0.9530131,0.8388407,0.863689,0.8826072,0.9580179,0.8831565,0.8054783,0.98185605,0.9601177,0.96197206,0.9566172,0.9114238,0.95745903,0.96275675,0.95696336,0.9133901,0.8711501,0.8558032,0.9758751,0.83252287,0.95665383,0.760701,0.8776529,0.8843553,0.94873613,0.96180826,0.96343666,0.79696053,0.9550937,0.9784241,0.9779972,0.9776126,0.9394587,0.9591463,0.84538746,0.9604147,0.9599453,0.878818,0.7713292,0.9544813,0.8037487,0.9605801,0.98275757,0.95173264,0.8995227,0.7573344,0.8772909,0.7295095,0.9003475,0.9427681,0.886177,0.8940313,0.95583594,0.9979434,0.8572445
ZAM_Tjunction-1_70_I-1-1.log,0.88851225,0.8782953,0.9523357,0.9438977,0.7642395,0.8858011,0.9477436,0.8724258,0.90524346,0.91930825,0.86282563,1.0,0.882729,0.837085,0.8811351,0.87785935,0.9485859,0.8899715,0.8880951,0.94762254,0.9264848,0.8981173,0.97597134,0.8672246,0.91462845,0.975397,0.9523025,0.9004755,0.8852918,0.833299,0.9357487,0.9108329,0.88598883,0.94673765,0.8692277,0.88681203,0.95132625,0.974452,0.89026505,0.89291054,0.9536913,0.8774023,0.8467065,0.8919566,0.8866236,0.8217886,0.926785,0.80496013,0.9490338,0.8847485,0.90412605,0.9327571,0.9579058,0.8984893,0.88228846,0.89964354,0.893031,0.8838921,0.87395173,0.8961706,0.94627446,0.88315606,0.9472689,0.9482538,0.8904305,0.8806138,0.88535047,0.8738479,0.87441355,0.8886853,0.94100827,0.9407754,0.951563,0.9385903,0.95844096,0.8740395,0.893798,0.9271066,0.8853057,0.75169545,0.9670563,0.9560418,0.8341391,0.890934,0.89517987,0.8881599,0.9518403,0.8902048,0.9031352,0.94824606,0.92761695,0.83904845,0.89240205,0.8894959,0.8935353,0.86871696,0.87852883,0.9604054,0.9225295,0.97724354,0.9612818,0.86481905,0.88455296,0.8852912,0.8987347,0.89050263,0.8888293,0.89268243,0.9569359,0.8886931,0.94715965,0.8793301,0.95549107,0.88941747,0.8973023,0.9501596,0.93845093,0.95247126,0.89144516,0.94636065,0.9227088,0.88091105,0.8853644,0.8873393,0.8913393,0.92887396,0.88816905,0.87998366,0.88812464,0.779512,0.9521933,0.9494249,0.8739635,0.91142863,0.8894243,0.8825781,0.96173155,0.94985217,0.8847794,0.8815963,0.88217247,0.9140203,0.8964887,0.87791884,0.8807243,0.87382615,0.86727524,0.8900217,0.9688807,0.888194,0.881527,0.9610709,0.8885598,0.8932332,0.92367923,0.8827194,0.87244195,0.896883,0.93964636,0.8743942,0.96070915,0.79078084,0.924301,0.8960486,0.9401573,0.93821293,0.8923642,0.8629199,0.94185734
ZAM_Tjunction-1_468_I-1-1.log,0.99338907,0.95664525,0.86826706,0.90311396,0.6999937,0.9850281,0.8838211,0.9614766,0.9463531,0.9544577,0.9605901,0.882729,1.0,0.8613806,0.9983867,0.788828,0.8921765,0.9902405,0.99300116,0.8850781,0.94857264,0.922353,0.8876178,0.9751825,0.84782326,0.90432715,0.88712543,0.9805206,0.9875636,0.94394773,0.841632,0.82197225,0.9951341,0.91221195,0.9471679,0.9949676,0.905285,0.90426135,0.9784703,0.8040499,0.8979358,0.95153433,0.9639766,0.98909867,0.98629665,0.89116305,0.8256202,0.92221546,0.8775777,0.99716735,0.8297043,0.8695362,0.8862739,0.97390187,0.9979778,0.97377014,0.9858818,0.98798597,0.9421134,0.9854622,0.8477464,0.9987414,0.903913,0.88523144,0.99214566,0.97426194,0.9949546,0.98252237,0.7855567,0.991639,0.90741915,0.86075515,0.9126682,0.9164634,0.8916447,0.7753901,0.9870749,0.94029987,0.9973877,0.6703264,0.88832855,0.87536865,0.82049215,0.9908421,0.9825953,0.99374926,0.8835607,0.9828801,0.8306179,0.89268583,0.9187965,0.95631933,0.98591185,0.99221176,0.98794353,0.9644712,0.95388734,0.900491,0.8393284,0.8707125,0.90410155,0.96364594,0.9957877,0.9950211,0.9809138,0.99141854,0.99145085,0.9888769,0.8936746,0.9780287,0.885768,0.946256,0.85851014,0.9907612,0.978966,0.866772,0.89188826,0.9089555,0.9903418,0.91135573,0.8336775,0.95637333,0.9934687,0.9953783,0.98969525,0.9242449,0.9920909,0.9964828,0.9874695,0.8883463,0.8990813,0.88400245,0.94372004,0.86072206,0.99329805,0.7886321,0.90558416,0.9122865,0.97342104,0.99700207,0.99691933,0.82515967,0.98531675,0.9510952,0.94926804,0.94736904,0.9458401,0.9909778,0.8733187,0.99287313,0.9987747,0.9070172,0.79946333,0.98383176,0.81731135,0.9992044,0.95488834,0.98517364,0.927722,0.78553355,0.90284777,0.69768286,0.92854667,0.965067,0.9143762,0.9219695,0.9885391,0.9591531,0.8748869
DEU_Flensburg-43_1_I-1-1.log,0.8626651,0.89966583,0.8130362,0.81470907,0.7518495,0.87496907,0.8182495,0.8984523,0.8983494,0.857275,0.89756083,0.837085,0.8613806,1.0,0.8605626,0.76771134,0.818769,0.86948216,0.8635214,0.8161966,0.85434437,0.8649436,0.83407,0.8830028,0.77648664,0.8418353,0.81440574,0.8738448,0.86877376,0.85758144,0.799222,0.7833976,0.8624628,0.82010597,0.9116218,0.8655077,0.8321558,0.84110725,0.8756667,0.7654753,0.8244395,0.9098462,0.8577064,0.86581445,0.8722521,0.86838746,0.79232615,0.84391046,0.81931144,0.8634409,0.78859013,0.7946019,0.82332647,0.8816985,0.86055434,0.8682262,0.8719052,0.8681198,0.9005919,0.86785746,0.79436404,0.8616717,0.81484306,0.81529826,0.8652271,0.883762,0.86206913,0.87507904,0.795565,0.86369145,0.86870223,0.7973665,0.8315359,0.82723725,0.82507503,0.7812204,0.86826366,0.8497809,0.8627669,0.7140746,0.827755,0.8170904,0.84959745,0.8677897,0.8764748,0.86388457,0.81599194,0.87495387,0.7651181,0.8152153,0.8373942,0.85666674,0.87249285,0.86328304,0.8717824,0.8703092,0.9015521,0.8221113,0.8333229,0.8171716,0.8229965,0.894503,0.8633597,0.86161804,0.8781051,0.8658931,0.8638898,0.8710384,0.8235276,0.8761103,0.8173603,0.9082339,0.818606,0.870479,0.87574923,0.80190706,0.82376844,0.8346016,0.864947,0.819363,0.7902732,0.9037868,0.86618185,0.8644036,0.8638266,0.86164385,0.8626738,0.86168367,0.8719704,0.87024575,0.8222389,0.81650066,0.9163523,0.83363354,0.86295474,0.7552773,0.8239899,0.8256208,0.86752844,0.8614042,0.8625022,0.77848786,0.8737035,0.90865064,0.91050786,0.9125632,0.8601372,0.8679525,0.8217921,0.8644643,0.8604562,0.823371,0.7949906,0.86449444,0.8348228,0.86137044,0.9039745,0.8713337,0.8333105,0.7469589,0.8301107,0.7583174,0.8390307,0.86315435,0.82207024,0.835916,0.8639405,0.8990109,0.8353553
ZAM_Tjunction-1_488_I-1-1.log,0.99177575,0.9550489,0.8674651,0.9015249,0.6983969,0.9834381,0.8830356,0.95988756,0.944764,0.95366454,0.96057224,0.8811351,0.9983867,0.8605626,1.0,0.78802603,0.8913745,0.99094117,0.9921992,0.8842761,0.9477793,0.92155105,0.8868245,0.97516495,0.8470377,0.9035416,0.88632345,0.9789321,0.9883063,0.94477576,0.8408465,0.8211703,0.9943243,0.91141,0.9465044,0.9933785,0.904483,0.903468,0.97845244,0.8032479,0.8971427,0.95071626,0.9655652,0.98830533,0.98703986,0.8903377,0.8248346,0.92381185,0.87677574,0.99556184,0.8289193,0.86875015,0.8854884,0.9730838,0.99717045,0.97296035,0.9858321,0.98872864,0.9412953,0.9838566,0.84696084,0.99713826,0.90311104,0.88442945,0.9905488,0.97267336,0.99416906,0.98326623,0.7847547,0.990847,0.9058301,0.85995317,0.91188264,0.9156614,0.8908432,0.77460456,0.98547804,0.9395043,0.9957822,0.66872954,0.8867395,0.8745831,0.8189031,0.989253,0.98099846,0.9921432,0.88275874,0.9836311,0.8298159,0.89188385,0.9179945,0.95790786,0.98509425,0.9914098,0.98634666,0.96529925,0.9522983,0.89969766,0.83854294,0.8691225,0.903316,0.96362025,0.9949993,0.9942191,0.98009574,0.9906325,0.9906575,0.98728,0.8928726,0.9787714,0.884966,0.9454302,0.8577246,0.9899359,0.9781401,0.86598694,0.8910862,0.90736645,0.9887286,0.9105537,0.8328755,0.9547842,0.99388134,0.99377954,0.9888933,0.9226558,0.9912889,0.9972333,0.9882202,0.88915557,0.89829576,0.8832004,0.94290197,0.8599201,0.991709,0.78784657,0.90479875,0.911501,0.97259516,0.9978388,0.99695295,0.8243576,0.98372036,0.95027703,0.94844866,0.94578,0.94501424,0.98938096,0.87253314,0.9920798,0.99852717,0.9062152,0.7986778,0.9830298,0.8157145,0.9984113,0.9532993,0.9835845,0.92692,0.7847315,0.90206224,0.6960938,0.9277447,0.96588725,0.9135742,0.92118394,0.9877293,0.95913523,0.87329775
DEU_Flensburg-83_1_I-1-1.log,0.79541034,0.7758771,0.92055744,0.8846933,0.6625475,0.78378314,0.90245783,0.7703503,0.80445117,0.83356345,0.7606288,0.87785935,0.788828,0.76771134,0.78802603,1.0,0.8966515,0.7867762,0.79582685,0.90374994,0.83469415,0.8519001,0.8802198,0.7652116,0.8362536,0.87134457,0.90170264,0.7918795,0.7804053,0.7853653,0.92096955,0.8982956,0.79368424,0.87661606,0.75485337,0.78784555,0.883543,0.871884,0.7732247,0.89215046,0.85603887,0.765383,0.77632296,0.79964465,0.77941066,0.7032801,0.8898131,0.758747,0.91123164,0.79086924,0.8713234,0.8519879,0.9024541,0.78069377,0.7907957,0.8148972,0.7830253,0.7800846,0.78546286,0.7977411,0.8811743,0.7892416,0.884915,0.9035966,0.796123,0.7785769,0.793854,0.7718278,0.8801559,0.79717904,0.85300946,0.924834,0.8756664,0.87236464,0.8971823,0.87222815,0.79639465,0.84848416,0.7914403,0.654339,0.8905033,0.91265297,0.76164055,0.78954506,0.7844615,0.79504305,0.9052673,0.777717,0.8448443,0.8961422,0.87003154,0.76939154,0.7846108,0.7966163,0.79051924,0.79395497,0.77632976,0.8875967,0.8759026,0.8722583,0.88405204,0.76247096,0.7910707,0.7938069,0.78530777,0.79702103,0.79729426,0.788875,0.89515346,0.77537507,0.90306,0.76055986,0.8958683,0.7854187,0.78575236,0.847088,0.8969398,0.87776786,0.7975757,0.87747234,0.92705214,0.7748357,0.7847711,0.79262036,0.7991328,0.84907717,0.79673713,0.7857226,0.78250283,0.71432537,0.88923025,0.9048256,0.7607101,0.8730452,0.79436696,0.8754293,0.8824469,0.8758683,0.7753417,0.7892814,0.787284,0.90514505,0.7925056,0.7642549,0.76709706,0.7668678,0.7499689,0.7902077,0.89194024,0.7954967,0.78761965,0.88181084,0.9156407,0.8017552,0.8454287,0.78960484,0.77042866,0.78643167,0.8611061,0.87361324,0.88315564,0.7181101,0.86028135,0.8126944,0.8744518,0.86659753,0.80009747,0.7605253,0.8565725
BEL_Wervik-4_2_I-1-1.log,0.89875877,0.87922555,0.97609055,0.98334724,0.7209226,0.88713163,0.9906911,0.8736987,0.90682137,0.93691194,0.8639773,0.9485859,0.8921765,0.818769,0.8913745,0.8966515,1.0,0.8901247,0.89917535,0.9912819,0.9380426,0.9374275,0.96108466,0.86856,0.9304712,0.9652978,0.9868517,0.8952279,0.8837538,0.8725192,0.94848984,0.9189102,0.89703274,0.9799483,0.85820186,0.89119405,0.9820332,0.96651936,0.87657315,0.9116686,0.9592356,0.86873144,0.8699548,0.9029931,0.8827591,0.8066285,0.92519385,0.8442704,0.9854012,0.8942177,0.92221844,0.9514973,0.987482,0.88404226,0.8941441,0.9182456,0.8863738,0.8834331,0.8878216,0.9010896,0.93608385,0.89259005,0.9844122,0.989816,0.8994715,0.8819254,0.8972025,0.8751763,0.8823421,0.9005275,0.94520015,0.9604803,0.97897947,0.97528845,0.9786915,0.88284665,0.8997431,0.9518326,0.8947888,0.70080817,0.9732629,0.97494525,0.83532274,0.8928935,0.88781,0.89839154,0.98401874,0.8810655,0.91744685,0.9954701,0.9669022,0.85978454,0.8879593,0.89996475,0.89386773,0.8971978,0.8796782,0.98548216,0.9161653,0.94149,0.9870823,0.8658194,0.8944192,0.8971554,0.8886562,0.9003695,0.9006427,0.8922234,0.9807546,0.87872356,0.9926583,0.8639083,0.95074576,0.8887671,0.8891008,0.9426827,0.9852217,0.98101926,0.90092415,0.9806469,0.93664235,0.8781842,0.8881196,0.8959688,0.90248126,0.9524169,0.90008557,0.8890711,0.88585126,0.7998499,0.9894633,0.98850536,0.8640586,0.9580047,0.89771545,0.89608866,0.9851204,0.979196,0.8786901,0.89262986,0.8906325,0.9246812,0.89585406,0.8676034,0.87044555,0.8702163,0.8533174,0.8935561,0.9649559,0.8988452,0.8909681,0.98486847,0.9015357,0.90471,0.8831165,0.8929533,0.8737638,0.88978016,0.96445453,0.8931522,0.9805586,0.7471653,0.96361125,0.91604286,0.9760632,0.9699287,0.9034459,0.8638738,0.9139285
ZAM_Tjunction-1_481_I-1-1.log,0.9861789,0.95270133,0.8662152,0.89987975,0.70745015,0.97759056,0.8841647,0.9577541,0.9487094,0.9500789,0.953497,0.8899715,0.9902405,0.86948216,0.99094117,0.7867762,0.8901247,1.0,0.9864655,0.88302624,0.94877756,0.91838306,0.895807,0.96696234,0.85099554,0.91227496,0.88507354,0.98783875,0.99354655,0.9357184,0.84480506,0.8199204,0.9885332,0.9101601,0.9530827,0.9932223,0.9032332,0.9124382,0.984349,0.801998,0.9062003,0.95959365,0.9565954,0.98276615,0.9925656,0.8993273,0.8306079,0.9147545,0.87552583,0.9882589,0.8278217,0.8727083,0.8843221,0.9819876,0.9895018,0.96735907,0.99436206,0.9882471,0.93803006,0.97835857,0.8524557,0.98914427,0.9018612,0.8831796,0.98570496,0.9679864,0.9881708,0.97481686,0.7835048,0.98514843,0.9050932,0.8587033,0.9111098,0.91441154,0.8895918,0.7804962,0.98775035,0.9360493,0.9889773,0.6777723,0.8859121,0.8733663,0.82461226,0.9906842,0.98999506,0.9864101,0.8815089,0.9894902,0.828566,0.890634,0.91674465,0.9489374,0.9920011,0.98584634,0.9894423,0.956241,0.9488855,0.89917904,0.84451103,0.8780936,0.9027238,0.95626944,0.989285,0.9884222,0.98882747,0.98616236,0.9850281,0.9905445,0.8916227,0.9847183,0.88371617,0.9544265,0.8637226,0.9966247,0.98715365,0.8749566,0.8898364,0.9066219,0.9833006,0.90930384,0.83162564,0.9577229,0.9929181,0.9874002,0.98340493,0.9217854,0.98563033,0.988983,0.9941295,0.88047105,0.89754593,0.88195056,0.95173794,0.85867023,0.9866911,0.79180515,0.90432817,0.91083306,0.9816086,0.9888729,0.9881493,0.8231078,0.9925151,0.959117,0.95732266,0.94968057,0.9539313,0.9910838,0.8815043,0.98786396,0.9900728,0.9049644,0.7974766,0.9777351,0.8247734,0.9902675,0.9503706,0.99245936,0.9256486,0.78348166,0.9012462,0.7048274,0.9248632,0.95691717,0.91232437,0.92017865,0.9824066,0.95190084,0.8822689
ZAM_Tjunction-1_506_I-1-1.log,0.99614745,0.9620083,0.8752659,0.9084976,0.70268106,0.98688155,0.89081186,0.9650688,0.9513286,0.9614278,0.9593708,0.8880951,0.99300116,0.8635214,0.9921992,0.79582685,0.89917535,0.9864655,1.0,0.8920769,0.9555428,0.9293518,0.894588,0.96889263,0.8548139,0.91130584,0.8941242,0.9824301,0.9808018,0.94411683,0.8486227,0.828971,0.99706537,0.9192108,0.94593817,0.98977584,0.91228384,0.910428,0.97187155,0.8110487,0.9049059,0.953382,0.9585931,0.99606884,0.9795348,0.89097834,0.83261085,0.9168525,0.8845765,0.99503744,0.83669496,0.8765131,0.8932646,0.973579,0.9941652,0.97982234,0.9810114,0.9812242,0.94151545,0.9908539,0.8547371,0.99262327,0.91091186,0.8922303,0.9975087,0.9796347,0.99721974,0.9757618,0.79255545,0.99861836,0.9128028,0.867754,0.9196589,0.9234622,0.89864343,0.78238076,0.992438,0.94727004,0.9955956,0.6756896,0.8937122,0.8823593,0.82587576,0.9909678,0.98090947,0.9984232,0.89055955,0.9761313,0.8376167,0.89968467,0.9257953,0.9501322,0.9823364,0.9967167,0.99003863,0.96464026,0.9592709,0.90746117,0.84631914,0.87608236,0.91108364,0.96241623,0.9950721,0.9971872,0.97859836,0.9975924,0.9976175,0.9891031,0.89986986,0.9712668,0.89276683,0.9483763,0.8655008,0.98561406,0.9798571,0.87295437,0.89888704,0.9143391,0.99571294,0.9183545,0.8406763,0.9597161,0.98670685,0.9967935,0.9966941,0.92962855,0.9972097,0.9897402,0.98072165,0.88136804,0.906072,0.8910012,0.945861,0.8677209,0.99421436,0.79562277,0.91257477,0.91927725,0.9728952,0.99345446,0.99145716,0.83215845,0.98977333,0.9532233,0.9513949,0.9509386,0.94611645,0.99058425,0.8803094,0.99860156,0.9917887,0.9140034,0.80645406,0.990027,0.8226745,0.9937776,0.9595463,0.98357385,0.93471515,0.7925323,0.90983844,0.7030665,0.9355455,0.96521556,0.92137504,0.9289602,0.99471384,0.9579322,0.8802705
